1.25428 -0.755367 -0.449905
1.25695 -0.653075 -0.436657
1.23774 -0.550926 -0.434761
1.23946 -0.456223 -0.424291
1.21926 -0.37635 -0.414401
1.2006 -0.199628 -0.420537
1.27277 -0.744034 -0.343782
1.26836 -0.652839 -0.35922
1.24164 -0.442349 -0.34794
1.23186 -0.348202 -0.349833
1.21833 -0.243287 -0.350257
1.20755 -0.160648 -0.369633
1.12201 0.634172 -0.31373
1.10952 0.76429 -0.319482
1.27985 -0.86118 -0.262648
1.28903 -0.755133 -0.247061
1.23638 -0.352494 -0.252756
1.22659 -0.251696 -0.246505
1.2123 -0.152196 -0.235737
1.20223 -0.0285571 -0.21088
1.1104 0.738577 -0.273722
1.10589 0.814326 -0.290189
1.30548 -0.930207 -0.146479
1.29945 -0.802522 -0.17749
1.21519 -0.0434215 -0.154232
1.19179 0.0849269 -0.147852
1.20428 0.042883 -0.151269
1.17842 0.157874 -0.152514
1.11531 0.749839 -0.137383
1.10965 0.839618 -0.133116
1.06015 1.24792 -0.126892
1.31546 -0.937234 -0.0456223
1.19867 0.0711961 -0.0597953
1.20644 0.0544249 -0.0432697
1.18318 0.154485 -0.0566963
1.17531 0.251122 -0.0550956
1.166 0.345982 -0.0532085
1.15461 0.452558 -0.0509816
1.14592 0.557854 -0.0492373
1.13544 0.660839 -0.0470942
1.12002 0.761112 -0.0483434
1.11242 0.859725 -0.0554767
1.10521 0.939821 -0.0410775
1.05636 1.33809 -0.0494499
1.31918 -0.946144 0.0480249
1.21425 0.0575437 0.0585126
1.19049 0.156407 0.0430668
1.20062 0.142593 0.0899181
1.17153 0.347653 0.0482968
1.15848 0.454133 0.049704
1.14997 0.559879 0.0505369
1.13681 0.66144 0.0520619
1.12632 0.759698 0.0522808
1.12859 0.853731 0.0541821
1.11539 0.94429 0.0553407
1.08946 1.05383 0.0437794
1.11047 1.04617 0.0874485
1.32746 -0.961447 0.146896
1.23979 -0.0443388 0.14901
1.22675 0.0582183 0.149451
1.19427 0.191455 0.157686
1.21112 0.140136 0.145951
1.19005 0.254409 0.150306
1.17752 0.349494 0.150567
1.15614 0.554736 0.148332
1.14423 0.647623 0.153808
1.14086 0.754172 0.149196
1.12598 0.855654 0.151951
1.11569 0.945113 0.15516
1.11634 1.05401 0.159189
1.10726 1.12221 0.143214
1.33846 -0.958671 0.252554
1.23239 0.0585045 0.241669
1.21803 0.144522 0.241011
1.19469 0.264819 0.264665
1.20614 0.232339 0.243721
1.18574 0.351936 0.254157
1.1756 0.446913 0.25347
1.1727 0.543095 0.253365
1.1556 0.644945 0.252363
1.14657 0.748841 0.251627
1.14124 0.84809 0.247413
1.12798 0.943456 0.25372
1.11791 1.052 0.248222
1.33915 -0.953988 0.347219
1.24074 0.058842 0.35066
1.21887 0.144695 0.34774
1.20845 0.240539 0.356728
1.18375 0.449874 0.357725
1.17641 0.544629 0.356517
1.16057 0.647836 0.354169
1.15434 0.753991 0.353344
1.14863 0.845807 0.35237
1.14228 0.940975 0.353611
1.12431 1.04332 0.348762
1.35811 -0.946978 0.452003
1.25062 0.0592534 0.461587
1.22995 0.146067 0.456925
1.21845 0.245929 0.454311
1.19521 0.37626 0.441466
1.20965 0.340566 0.452284
1.20354 0.414499 0.481002
1.18973 0.551184 0.447832
1.17409 0.655223 0.444238
1.1605 0.759009 0.452302
1.15858 0.845539 0.443326
1.14472 0.941963 0.453005
1.12978 1.04313 0.447435
1.36054 -0.95861 0.550242
1.356 -0.85357 0.552878
1.24467 0.147785 0.553531
1.22614 0.247412 0.548035
1.21783 0.347142 0.545622
1.20861 0.430521 0.535136
1.19211 0.559253 0.534055
1.17911 0.646696 0.536595
1.17832 0.7462 0.553424
1.15808 0.846336 0.549865
1.1477 0.94546 0.55528
1.13096 1.05133 0.54973
1.12257 1.13716 0.535755
1.29949 -0.308671 0.602499
1.28829 -0.15307 0.663281
1.26321 0.0598882 0.654027
1.24689 0.148062 0.647821
1.23195 0.248732 0.642245
1.23095 0.353618 0.647963
1.21054 0.434417 0.657686
1.1939 0.572879 0.669678
1.21137 0.540286 0.637779
1.18241 0.652125 0.659555
1.18661 0.749713 0.648871
1.16842 0.849508 0.652071
1.14789 0.946769 0.64518
1.14151 1.05721 0.650081
1.37423 -0.946547 0.760031
1.29647 -0.230997 0.731218
1.29096 -0.138044 0.753028
1.28212 -0.0458502 0.757179
1.2665 0.0600984 0.750122
1.24793 0.148157 0.741975
1.23897 0.250117 0.737844
1.23233 0.348495 0.754313
1.21864 0.452534 0.761942
1.19821 0.550281 0.729402
1.21078 0.550554 0.764112
1.20957 0.648535 0.767745
1.18752 0.743927 0.744337
1.17735 0.863141 0.746698
1.17066 0.945562 0.746187
1.15819 1.05134 0.749204
1.38272 -0.952627 0.843891
1.38183 -0.853459 0.85372
1.32222 -0.345558 0.841458
1.29665 -0.123199 0.844802
1.28262 -0.0305982 0.849637
1.27796 0.0606918 0.851189
1.25712 0.149204 0.840379
1.25267 0.256274 0.842701
1.23991 0.353406 0.862229
1.2191 0.553883 0.850666
1.21051 0.632648 0.850373
1.18813 0.761962 0.850108
1.18681 0.862059 0.850336
1.17474 0.963338 0.851631
1.16601 1.06124 0.848219
1.38057 -0.852493 0.943842
1.36665 -0.641088 0.944521
1.35179 -0.541414 0.947999
1.29106 -0.0205355 0.949591
1.2836 0.0609267 0.950444
1.26418 0.147315 0.950167
1.24936 0.252087 0.945362
1.24082 0.353651 0.955724
1.23905 0.453277 0.948575
1.22506 0.546908 0.949137
1.22038 0.645471 0.9513
1.19166 0.778361 0.947448
1.21012 0.743846 0.948041
1.17294 0.954001 0.95004
1.15959 1.05066 0.955357
1.15924 1.11636 0.946497
1.40399 -1.00048 1.09295
1.40247 -0.966086 1.05689
1.38662 -0.860415 1.05129
1.38838 -0.763072 1.04817
1.37328 -0.641429 1.03862
1.33011 -0.256809 1.04095
1.29008 0.0573932 1.04708
1.27935 0.156315 1.0532
1.26253 0.254543 1.05613
1.24906 0.444938 1.04435
1.23287 0.545687 1.05201
1.22069 0.642851 1.04857
1.1861 0.88269 1.0502
1.18396 0.94894 1.03885
1.17643 1.0659 1.04052
1.42208 -1.03866 1.14028
1.38982 -0.74609 1.15328
1.34112 -0.347206 1.14587
1.28967 0.076501 1.14763
1.2905 0.153101 1.11598
1.26031 0.343917 1.1256
1.23655 0.513922 1.10778
1.22668 0.670166 1.10037
1.41474 -1.05296 1.22971
