2.18341 2.9562 -1.40359
2.16728 2.98552 -1.36459
2.23534 2.94636 -1.34802
2.30868 2.90645 -1.32123
2.07827 3.06035 -1.32734
2.13325 3.02326 -1.33153
2.24696 2.9751 -1.26689
2.31932 2.94725 -1.21214
2.07238 3.08847 -1.27087
2.14989 3.04625 -1.2536
2.22576 3.01354 -1.21165
1.96552 3.16614 -1.23728
2.03848 3.12261 -1.23869
1.90567 3.21388 -1.20215
2.28814 2.9893 -1.16475
2.34403 2.96172 -1.13303
2.40441 2.91275 -1.14295
2.16633 3.07683 -1.15269
2.23749 3.02897 -1.15339
1.97269 3.18607 -1.17659
2.04873 3.1526 -1.14678
2.12181 3.10781 -1.14633
1.85414 3.26245 -1.14609
1.93512 3.22339 -1.13336
1.7778 3.31486 -1.10941
2.48558 2.89299 -1.03213
2.37279 2.97551 -1.04233
2.43147 2.9261 -1.05635
2.19881 3.08151 -1.08481
2.24947 3.06024 -1.04937
2.30813 3.01542 -1.06105
2.06078 3.18138 -1.0481
2.14271 3.12936 -1.05216
1.86897 3.28459 -1.06158
1.95337 3.24277 -1.04991
2.01476 3.20644 -1.05448
1.77493 3.33641 -1.05012
1.82773 3.31371 -1.03876
2.53508 2.89039 -0.929468
2.44138 2.9571 -0.949522
2.5016 2.91163 -0.94616
2.26781 3.08088 -0.954143
2.34123 3.03029 -0.951989
2.09565 3.18582 -0.973058
2.14649 3.1603 -0.953852
2.21375 3.11987 -0.945784
1.95125 3.27603 -0.951814
2.04334 3.22433 -0.94966
1.78116 3.36343 -0.955905
1.84633 3.33205 -0.95102
1.90872 3.3097 -0.917944
2.46492 2.97394 -0.843207
2.52775 2.92188 -0.852437
2.28911 3.09931 -0.850506
2.35106 3.05491 -0.853224
2.40111 3.02282 -0.840874
2.16511 3.1779 -0.859309
2.23616 3.13346 -0.854582
1.9782 3.28893 -0.858765
2.05045 3.25147 -0.84532
2.1219 3.20879 -0.845887
1.78776 3.38299 -0.878194
1.84779 3.36021 -0.851903
1.93297 3.31843 -0.841936
1.79017 3.40179 -0.804979
2.47315 2.99601 -0.747795
2.52372 2.95719 -0.745598
2.36447 3.07741 -0.74238
2.42725 3.02673 -0.760877
2.18375 3.18991 -0.775579
2.25073 3.15343 -0.748902
2.30419 3.11973 -0.742038
2.04994 3.27573 -0.757154
2.13332 3.22802 -0.749775
1.85613 3.38216 -0.752362
1.95016 3.33432 -0.746351
2.01543 3.30324 -0.727299
1.79688 3.41454 -0.741234
1.81624 3.40819 -0.728478
2.52499 2.97867 -0.661869
2.38406 3.08613 -0.654748
2.44925 3.04117 -0.64261
2.26367 3.17201 -0.640866
2.32749 3.12348 -0.664005
2.07178 3.28699 -0.659089
2.14965 3.2417 -0.65328
2.21137 3.20416 -0.64959
1.88626 3.39015 -0.653454
1.94465 3.36088 -0.646531
2.01963 3.31943 -0.648281
1.83414 3.41706 -0.650553
0.941579 -1.20774 -0.502913
0.94912 -1.12724 -0.508383
0.966668 -1.08669 -0.512995
1.01949 -1.01694 -0.508424
0.97422 -0.937204 -0.514356
1.04012 -0.957111 -0.511155
0.956254 -0.863246 -0.513557
1.0411 -0.848728 -0.505382
0.956043 -0.756873 -0.505304
2.43872 3.07016 -0.551903
2.28271 3.18089 -0.543182
2.34632 3.1363 -0.549365
2.07343 3.2998 -0.597842
2.14875 3.26545 -0.545458
2.22898 3.21188 -0.563185
1.95285 3.37615 -0.552248
2.03926 3.32791 -0.555787
1.84686 3.43185 -0.547299
1.90974 3.40219 -0.536433
0.801896 -1.31429 -0.401603
0.891376 -1.21737 -0.432979
0.879369 -1.16954 -0.419282
0.943555 -1.12751 -0.449584
1.04159 -1.13223 -0.442111
1.13941 -1.10891 -0.460777
0.861869 -1.09427 -0.4451
0.969905 -1.05406 -0.463647
1.0566 -1.05313 -0.471273
1.1492 -1.04744 -0.443373
0.864542 -0.90307 -0.44704
0.939344 -0.972459 -0.482472
1.05208 -0.949378 -0.481244
1.16026 -0.953588 -0.468545
1.22383 -0.938839 -0.425943
0.892413 -0.826711 -0.467253
0.960594 -0.844293 -0.485376
1.0558 -0.85895 -0.48724
1.15034 -0.846676 -0.484845
1.24341 -0.859127 -0.441508
0.962651 -0.746302 -0.485605
1.05388 -0.744405 -0.482278
1.16623 -0.750646 -0.471052
1.24505 -0.749715 -0.445149
0.892701 -0.678546 -0.467463
0.937147 -0.643219 -0.478195
1.05223 -0.649318 -0.477244
1.15909 -0.646877 -0.471991
1.24549 -0.647548 -0.435731
0.881017 -0.528978 -0.449411
0.950408 -0.549905 -0.455429
1.05284 -0.555442 -0.469084
1.15541 -0.548677 -0.458039
1.23635 -0.549372 -0.42924
0.854094 -0.433422 -0.423068
0.942524 -0.44444 -0.438303
1.04365 -0.442597 -0.449094
1.15012 -0.450483 -0.445203
1.23207 -0.453488 -0.420724
0.850735 -0.351444 -0.415176
0.958439 -0.341214 -0.427835
1.05514 -0.363419 -0.439836
1.15591 -0.35166 -0.426602
1.22873 -0.350513 -0.413928
0.870401 -0.261542 -0.407511
0.954599 -0.251235 -0.412073
1.05754 -0.255261 -0.419249
1.15173 -0.249571 -0.420727
1.22303 -0.261459 -0.401168
0.893215 -0.169734 -0.400818
0.963432 -0.16473 -0.407712
1.0436 -0.155794 -0.408846
1.14581 -0.155808 -0.40921
0.809849 0.846409 -0.407371
0.831275 1.02677 -0.422911
2.43735 3.08757 -0.470106
2.28277 3.19918 -0.448009
2.35653 3.14991 -0.442929
2.15763 3.27967 -0.440535
2.23005 3.23084 -0.461363
1.96703 3.38698 -0.451169
2.04631 3.34218 -0.456922
2.11123 3.30981 -0.427193
1.85907 3.44352 -0.447662
1.92663 3.40927 -0.446237
0.764578 -1.30647 -0.346757
0.766016 -1.24286 -0.338366
0.818643 -1.23026 -0.334829
0.905556 -1.22607 -0.318252
0.768952 -1.15604 -0.350428
0.85176 -1.15153 -0.341376
0.952358 -1.1297 -0.341261
1.02766 -1.11418 -0.342278
0.857887 -1.08787 -0.349975
0.959654 -1.08083 -0.339368
1.05568 -1.07039 -0.344807
1.15579 -1.04617 -0.349777
1.21171 -1.00738 -0.380616
1.17691 -0.978184 -0.320384
1.23529 -0.93855 -0.34509
1.26225 -0.846556 -0.353785
1.26466 -0.741611 -0.340354
1.26228 -0.644519 -0.359674
1.25658 -0.547349 -0.354229
1.2374 -0.446694 -0.346098
0.788714 -0.318487 -0.392042
1.23905 -0.350386 -0.352831
0.781334 -0.241559 -0.38669
0.837023 -0.231429 -0.395191
1.21766 -0.247972 -0.350768
0.77833 -0.142555 -0.378839
0.840722 -0.150361 -0.385234
0.930795 -0.117854 -0.39396
1.05402 -0.100146 -0.399939
1.18885 -0.141369 -0.363388
1.20782 -0.148279 -0.338486
0.754465 -0.0450523 -0.357507
0.853894 -0.0419505 -0.377535
0.960922 -0.0453235 -0.389116
1.05673 -0.0442564 -0.392107
1.17169 -0.0391229 -0.362644
1.20621 -0.0859545 -0.363009
0.749192 0.0576991 -0.347014
0.846213 0.0510124 -0.365861
0.955073 0.0565938 -0.381052
1.04797 0.0618881 -0.383214
1.15744 0.0548495 -0.355001
0.742437 0.147179 -0.340504
0.841858 0.150487 -0.353565
0.945668 0.150347 -0.368127
1.05432 0.142847 -0.373102
1.13519 0.15001 -0.338845
0.695274 0.280761 -0.324272
0.743971 0.245216 -0.334145
0.848624 0.250727 -0.349932
0.953876 0.246505 -0.36292
1.06105 0.246618 -0.368903
1.13246 0.255473 -0.329721
0.686466 0.337078 -0.317883
0.741229 0.345569 -0.327439
0.853428 0.349576 -0.349208
0.954941 0.339944 -0.357077
1.05783 0.354209 -0.354027
1.12902 0.351517 -0.324939
0.696754 0.46336 -0.325345
0.742159 0.451553 -0.329675
0.855887 0.448457 -0.349717
0.954603 0.444656 -0.359977
1.05016 0.442879 -0.353637
1.11957 0.444208 -0.323772
0.699958 0.515415 -0.327669
0.746324 0.554832 -0.333036
0.850874 0.558229 -0.343858
0.955988 0.551809 -0.352821
1.04409 0.549341 -0.343899
1.11675 0.534827 -0.33199
0.681262 0.679652 -0.314109
0.755551 0.655252 -0.34203
0.845605 0.646275 -0.343999
0.95591 0.645589 -0.352006
1.05002 0.649684 -0.328409
1.1039 0.603089 -0.316951
0.751584 0.745172 -0.34037
0.849866 0.750273 -0.345174
0.956069 0.750073 -0.345465
1.05638 0.757524 -0.323412
1.10426 0.708207 -0.317114
0.748809 0.845774 -0.345267
0.847706 0.853612 -0.352463
0.953005 0.836451 -0.340973
1.04864 0.858429 -0.320243
0.778362 0.940452 -0.355093
0.861903 0.957605 -0.355767
0.952991 0.949838 -0.336823
1.04074 0.942916 -0.327099
0.794098 1.03743 -0.395947
0.863718 1.04451 -0.345028
0.95165 1.04833 -0.334662
1.03844 1.0529 -0.313153
0.873217 1.13388 -0.373126
0.983473 1.13507 -0.336517
1.00829 1.14162 -0.324275
2.33677 3.17726 -0.360445
2.4034 3.13987 -0.300868
2.17725 3.28387 -0.337277
2.25133 3.23458 -0.354877
1.98475 3.3944 -0.341184
2.04858 3.35654 -0.357943
2.1334 3.31065 -0.335691
1.85564 3.45954 -0.35369
1.93233 3.42147 -0.345995
0.769461 -1.30674 -0.214418
0.76176 -1.2294 -0.249586
0.835007 -1.22315 -0.259362
0.908277 -1.22975 -0.251601
0.778611 -1.15648 -0.260338
0.854794 -1.17612 -0.248684
0.944824 -1.14629 -0.250244
1.02995 -1.12019 -0.251056
0.996629 -1.08897 -0.293585
1.07276 -1.08221 -0.244422
1.15102 -1.04401 -0.248158
1.2255 -1.01883 -0.233784
1.18097 -0.981619 -0.285099
1.24972 -0.951221 -0.247418
1.27663 -0.86568 -0.26342
1.30532 -0.841581 -0.230366
1.29035 -0.740646 -0.244712
1.30298 -0.742782 -0.251764
1.27689 -0.636964 -0.266953
1.30886 -0.652856 -0.212811
1.27879 -0.546867 -0.251445
1.26281 -0.449983 -0.246048
1.25461 -0.360437 -0.247493
1.22594 -0.247708 -0.249069
1.19128 -0.132088 -0.276882
1.21142 -0.148034 -0.235425
1.18795 -0.0423664 -0.25065
1.17592 0.0557628 -0.246305
1.15336 0.146544 -0.244149
1.13449 0.255904 -0.245552
0.656967 0.358918 -0.296488
1.1257 0.357142 -0.239731
0.659788 0.454492 -0.298534
1.09339 0.480475 -0.230181
1.11657 0.450728 -0.252879
1.09152 0.557409 -0.22948
1.11532 0.546745 -0.256126
1.08721 0.64915 -0.235683
1.10841 0.643518 -0.254387
1.0863 0.755272 -0.239894
1.10719 0.725795 -0.25202
1.08312 0.847132 -0.237912
1.10143 0.824116 -0.288294
1.07381 0.956751 -0.257902
1.1026 0.916667 -0.261215
1.05413 1.05886 -0.253136
1.04218 1.13692 -0.251526
2.35542 3.17753 -0.267603
2.40722 3.14486 -0.241429
2.18727 3.29033 -0.239307
2.25847 3.24483 -0.24361
2.32507 3.20323 -0.227047
2.04463 3.37092 -0.265767
2.14069 3.31743 -0.247975
1.86057 3.46874 -0.262046
1.94329 3.42858 -0.242712
0.771529 -1.34281 -0.156493
0.831712 -1.31201 -0.121596
0.760204 -1.24757 -0.150566
0.828742 -1.23718 -0.147988
0.918482 -1.22165 -0.14159
0.761182 -1.18327 -0.176922
0.8518 -1.17742 -0.16324
0.955251 -1.16108 -0.150955
1.04742 -1.11869 -0.147321
1.12679 -1.11065 -0.129887
1.09349 -1.0909 -0.148108
1.16268 -1.06472 -0.15033
1.23295 -1.02067 -0.150156
1.26877 -0.977504 -0.145769
1.30384 -0.944595 -0.146025
1.29781 -0.801509 -0.177038
1.30598 -0.857291 -0.143617
1.2942 -0.768535 -0.176044
1.31575 -0.746081 -0.144949
1.29948 -0.648207 -0.112499
1.31221 -0.654549 -0.15231
1.29338 -0.537651 -0.143456
1.308 -0.590317 -0.147128
1.27701 -0.454968 -0.139328
1.27647 -0.355676 -0.142034
1.25344 -0.250246 -0.15209
1.24033 -0.150489 -0.154842
1.1974 -0.0853265 -0.179361
1.21341 -0.0393024 -0.15095
1.19836 0.0853946 -0.179648
1.21095 0.0538969 -0.149282
1.17757 0.157693 -0.152194
1.16441 0.248889 -0.154727
1.14741 0.340629 -0.149896
1.1432 0.447939 -0.14856
1.13313 0.551574 -0.145825
1.1216 0.649893 -0.145137
1.1175 0.753795 -0.144021
1.08503 0.8762 -0.145582
1.11089 0.83843 -0.147062
1.07476 0.94993 -0.159689
1.11311 0.934132 -0.116846
1.06461 1.0547 -0.152737
1.04143 1.14499 -0.149031
1.04848 1.24483 -0.122991
1.08341 1.38967 -0.145151
2.53062 3.06515 -0.136452
2.37018 3.18075 -0.14601
2.44061 3.13006 -0.155697
2.19978 3.29188 -0.150097
2.25591 3.25764 -0.135861
2.31606 3.21815 -0.138401
2.16231 3.31269 -0.17135
1.86882 3.47524 -0.156385
1.92975 3.44674 -0.128811
0.768876 -1.33143 -0.0598776
0.806398 -1.33452 -0.0754967
0.763014 -1.26564 -0.0517677
0.841424 -1.24503 -0.0486182
0.926634 -1.22264 -0.0283101
1.03917 -1.2095 -0.0149605
0.850476 -1.17367 -0.0586133
0.95184 -1.17553 -0.0587649
1.04728 -1.14875 -0.0476698
1.1258 -1.11933 -0.0594518
1.09857 -1.09598 -0.012326
1.164 -1.08969 -0.0489689
1.23554 -1.04439 -0.0448311
1.28253 -0.984903 -0.0337454
1.3139 -0.942402 -0.0532236
1.32448 -0.843 -0.048414
1.33609 -0.757678 -0.0579404
1.31764 -0.657225 -0.0506136
1.29644 -0.572788 -0.0404677
1.31039 -0.53687 -0.0575604
1.28732 -0.428028 -0.0559665
1.30638 -0.469995 -0.0393752
1.28025 -0.349819 -0.0474051
1.26604 -0.246651 -0.0415954
1.24782 -0.145595 -0.0497462
1.22693 -0.0437986 -0.0500057
1.19966 0.0854872 -1.89972e-05
1.2144 0.0549113 -0.0518315
1.18421 0.158419 -0.0542135
1.201 0.11411 -0.0903307
1.17625 0.251435 -0.0552517
1.1627 0.345066 -0.0525455
1.15437 0.452512 -0.0508999
1.14729 0.558413 -0.0494438
1.1301 0.657527 -0.0529868
1.12615 0.753148 -0.0453277
1.09645 0.885509 -0.0256954
1.11445 0.848685 -0.0578359
1.08616 0.961454 -0.0544864
1.10926 0.937962 -0.0474986
1.08554 1.05714 -0.0534572
1.10993 1.05473 -0.014314
1.06264 1.14598 -0.0450583
1.10135 1.12491 -0.0403564
1.05326 1.25169 -0.049991
1.10491 1.28602 -0.0410687
1.05415 1.33235 -0.0395111
2.55017 3.05788 -0.0325874
2.37372 3.18551 -0.0574649
2.44541 3.13622 -0.0340459
2.23244 3.27819 -0.061792
2.31934 3.22272 -0.0520254
2.06323 3.38158 -0.0264038
2.17753 3.31029 -0.0922976
1.86477 3.48543 -0.0437321
1.94526 3.44501 -0.0354252
0.835985 -1.43804 0.0657361
0.771593 -1.3326 0.0459786
0.818346 -1.32164 0.0653024
0.696464 -1.25729 0.023234
0.768215 -1.26981 0.0376164
0.847331 -1.24882 0.0536809
0.949821 -1.22606 0.056514
0.96342 -1.18425 0.0356963
1.04978 -1.15008 0.0532899
1.15861 -1.12771 0.0493856
1.20123 -1.11279 0.0898727
1.0965 -1.09391 0.0154596
1.17982 -1.08561 0.0542898
1.24414 -1.04811 0.0535797
1.31153 -1.0124 0.0651134
1.32232 -0.947277 0.0505304
1.33071 -0.849509 0.0428222
1.32935 -0.757881 0.0470153
1.32774 -0.662312 0.047255
1.29917 -0.540047 0.0500253
1.31106 -0.565034 0.0488546
1.2952 -0.455353 0.0633637
1.30368 -0.458255 0.0299913
1.28518 -0.346873 0.0544232
1.26966 -0.24145 0.053023
1.25655 -0.14942 0.0544492
1.23741 -0.0441718 0.0561812
1.19765 0.0853443 0.0302348
1.21571 0.054125 0.0622266
1.19117 0.161692 0.0417156
1.20854 0.114828 0.0741894
1.18047 0.252308 0.0471793
1.17183 0.347905 0.048132
1.1595 0.451711 0.0524512
1.15111 0.553495 0.0468429
1.14382 0.647831 0.0523802
1.13863 0.743617 0.051853
1.11968 0.850798 0.0539889
1.09821 0.978214 0.0701375
1.1118 0.955007 0.0502501
1.08559 1.0702 0.0533802
1.11069 1.05259 0.0578465
1.06818 1.14996 0.0558258
1.10875 1.14992 0.041468
0.763673 1.28637 0.0655852
0.818601 1.2745 0.0756413
1.04948 1.22056 0.0429623
0.770689 1.32821 0.0589104
0.828808 1.35248 0.0642392
1.08742 1.31732 0.0168229
0.854209 1.41182 0.0260117
2.55232 3.0607 0.0523339
2.37605 3.18863 0.0314465
2.44769 3.13914 0.0575674
2.28125 3.25123 0.00883899
2.32152 3.22574 0.0348555
1.87991 3.48271 0.0624635
1.94848 3.44746 0.0581765
2.01081 3.41495 0.07942
1.84252 3.50126 0.064801
0.821563 -1.48313 0.118359
0.769548 -1.32295 0.149266
0.84373 -1.31531 0.151625
0.766822 -1.28379 0.147864
0.856198 -1.25993 0.145921
0.950393 -1.23317 0.145095
1.02444 -1.22698 0.165359
0.946545 -1.18987 0.132257
1.05009 -1.16488 0.140122
1.13852 -1.13922 0.153696
1.23662 -1.11068 0.154229
1.16604 -1.09393 0.150838
1.25305 -1.04547 0.143807
1.30317 -1.0215 0.18
1.29754 -0.986268 0.147549
1.32372 -0.954514 0.147091
1.34622 -0.851662 0.149384
1.34069 -0.748322 0.142321
1.33962 -0.652309 0.14996
1.32441 -0.557248 0.142273
1.29618 -0.431066 0.13682
1.30816 -0.455708 0.150984
1.29382 -0.338012 0.131382
1.30537 -0.341163 0.160411
1.28278 -0.243753 0.147966
1.26449 -0.150362 0.148314
1.24845 -0.0446668 0.148835
1.22298 0.0580575 0.149473
1.19637 0.178605 0.15011
1.20915 0.126311 0.149719
1.18944 0.257827 0.146585
1.2008 0.228183 0.18
1.17464 0.348678 0.150634
1.17219 0.445534 0.150722
1.1613 0.543057 0.148859
1.14631 0.643525 0.154025
1.14683 0.749076 0.151458
1.09291 0.882647 0.125333
1.12765 0.848718 0.151868
1.11429 0.95264 0.154711
0.88556 1.07278 0.18
0.973038 1.08589 0.18
1.08856 1.0704 0.152775
1.11385 1.04347 0.152095
0.978514 1.13108 0.147014
1.04318 1.12963 0.137701
1.10207 1.12564 0.166215
0.77214 1.26848 0.165602
0.842607 1.27514 0.149236
0.78973 1.31676 0.148318
0.836263 1.32902 0.135638
0.94206 1.33351 0.161323
2.53792 3.0739 0.141919
2.39142 3.18102 0.150097
2.44863 3.14034 0.149382
2.34997 3.20945 0.150615
1.88064 3.48406 0.156484
1.94929 3.4489 0.155625
2.00076 3.42176 0.18
0.788193 -1.42288 0.239138
0.812277 -1.47263 0.213915
0.78279 -1.34071 0.253936
0.82476 -1.33307 0.251495
0.913419 -1.3235 0.225689
0.775472 -1.26335 0.268678
0.85023 -1.27035 0.239568
0.938971 -1.23849 0.251574
1.01693 -1.22141 0.241767
0.986476 -1.1716 0.241577
1.0527 -1.16678 0.239213
1.14766 -1.13878 0.259056
1.22185 -1.11216 0.246391
1.25792 -1.06267 0.240446
1.31331 -1.01687 0.245719
1.34116 -0.945414 0.247033
1.35584 -0.841349 0.252099
1.34421 -0.745015 0.243385
1.34197 -0.643914 0.247072
1.33467 -0.538962 0.24675
1.31686 -0.437976 0.245942
1.297 -0.320408 0.244899
1.30586 -0.364482 0.245402
1.28914 -0.245053 0.24446
1.27304 -0.151302 0.243855
1.25695 -0.0450994 0.242882
1.23439 0.0585466 0.241788
1.21979 0.144801 0.241033
1.19521 0.26498 0.239783
1.21062 0.230037 0.249166
1.19137 0.353712 0.25454
1.17551 0.454589 0.249436
1.16687 0.550536 0.254108
1.15626 0.648162 0.255342
1.14743 0.756707 0.248565
1.13985 0.856018 0.252465
1.12704 0.953593 0.249924
0.880455 1.04568 0.20202
0.939347 1.0807 0.246731
1.0867 1.06137 0.230969
1.1245 1.04748 0.267462
0.860041 1.18487 0.244443
0.964944 1.10863 0.256737
1.05689 1.12367 0.244089
1.11007 1.12508 0.281832
0.775402 1.26256 0.257476
0.844699 1.25258 0.246671
0.922846 1.23837 0.295401
0.787985 1.33161 0.247709
0.817146 1.33653 0.229549
2.52247 3.08555 0.243087
2.38154 3.18659 0.279188
2.4485 3.14017 0.241236
2.34985 3.20929 0.238769
1.94902 3.44842 0.253114
0.780756 -1.34505 0.348765
0.837232 -1.33481 0.349517
0.952256 -1.31171 0.375279
0.773443 -1.26082 0.325279
0.845221 -1.26004 0.352142
0.955218 -1.24978 0.352225
1.03156 -1.21357 0.346381
0.973942 -1.1941 0.334396
1.06519 -1.17493 0.35755
1.15082 -1.15215 0.352842
1.23358 -1.11012 0.352682
1.27164 -1.07003 0.34597
1.33299 -1.03557 0.342077
1.3442 -0.941635 0.348256
1.36418 -0.842499 0.350657
1.35268 -0.738897 0.349134
1.35714 -0.644801 0.349859
1.33531 -0.539233 0.347044
1.32361 -0.440204 0.345467
1.29781 -0.339091 0.350428
1.30888 -0.341884 0.337079
1.28821 -0.241026 0.345066
1.30691 -0.279391 0.310742
1.28079 -0.152162 0.340074
1.25972 -0.041627 0.342424
1.24449 0.0590488 0.346923
1.2179 0.148984 0.34635
1.19732 0.255925 0.344689
1.20806 0.238048 0.352302
1.18993 0.35892 0.352629
1.20556 0.329287 0.391057
1.17876 0.447952 0.356861
1.17325 0.54343 0.356096
1.16738 0.651587 0.355208
1.15615 0.751351 0.350942
1.14934 0.840777 0.355334
1.14136 0.940215 0.349075
0.941627 1.08449 0.351507
1.07324 1.07474 0.354466
1.12 1.03721 0.350234
0.860221 1.19315 0.352544
0.901422 1.17764 0.371617
1.05691 1.13037 0.354029
1.1214 1.14539 0.348277
0.762271 1.2585 0.351018
0.842123 1.25036 0.347836
0.92029 1.26047 0.344916
0.773424 1.31795 0.349475
0.811927 1.34939 0.301837
2.37543 3.18781 0.358227
2.44702 3.13828 0.33299
0.790543 -1.31437 0.437109
0.840547 -1.33598 0.451438
0.949397 -1.30779 0.417443
0.786376 -1.27017 0.484873
0.857426 -1.26231 0.445609
0.948282 -1.24318 0.450917
1.03835 -1.22391 0.452643
1.10296 -1.20515 0.428264
0.940556 -1.18409 0.438755
1.06807 -1.18037 0.45618
1.14661 -1.15828 0.448589
1.23805 -1.12765 0.46134
1.27422 -1.07428 0.434875
1.32706 -1.04936 0.452199
1.34544 -0.952187 0.445792
1.35602 -0.849122 0.454479
1.36532 -0.745906 0.45335
1.35358 -0.643119 0.450614
1.33295 -0.547383 0.451421
1.32486 -0.451835 0.442262
1.29958 -0.308693 0.440018
1.30743 -0.345578 0.441623
1.28714 -0.232471 0.424672
1.30575 -0.263691 0.457605
1.28103 -0.149123 0.442763
1.27056 -0.0454473 0.450111
1.25456 0.0596207 0.456131
1.23235 0.146234 0.457405
1.21519 0.245271 0.453576
1.19475 0.376031 0.44145
1.20722 0.339939 0.451766
1.18445 0.442082 0.442485
1.20552 0.457916 0.471491
1.1814 0.547177 0.445923
1.16901 0.652473 0.443204
1.16313 0.757476 0.449036
1.14827 0.845358 0.446812
1.14189 0.950946 0.444808
0.953985 1.08741 0.442745
1.09197 1.07385 0.458585
1.13088 1.0525 0.445987
0.895503 1.19118 0.426346
0.960445 1.15059 0.433379
1.05056 1.12029 0.449385
1.10505 1.12869 0.442531
0.781297 1.26028 0.463185
0.846821 1.25043 0.446905
0.928131 1.22862 0.456638
0.797046 1.30634 0.47901
0.814091 1.32726 0.454945
0.831372 1.40209 0.450302
2.38755 3.17588 0.418849
0.850432 -1.45444 0.541576
0.858279 -1.3317 0.546842
0.928435 -1.33597 0.5651
0.793351 -1.24375 0.517307
0.850353 -1.27105 0.530742
0.950045 -1.24173 0.545135
1.04773 -1.22424 0.549549
1.06931 -1.18909 0.558584
1.15474 -1.16102 0.549277
1.24066 -1.1323 0.555956
1.30255 -1.14477 0.570918
1.28117 -1.07808 0.555127
1.33931 -1.0496 0.548411
1.3522 -0.951815 0.548951
1.36679 -0.84763 0.563586
1.40266 -0.899582 0.530804
1.36562 -0.746136 0.555708
1.35194 -0.642353 0.551947
1.34121 -0.541705 0.549062
1.33992 -0.445772 0.548686
1.3219 -0.345561 0.543605
1.29663 -0.246403 0.531326
1.30531 -0.2481 0.549911
1.28903 -0.153119 0.545424
1.27416 -0.0490452 0.557431
1.25384 0.0592984 0.556379
1.2385 0.147103 0.551786
1.2338 0.249093 0.550289
1.22073 0.347925 0.546441
1.18784 0.451485 0.536576
1.20688 0.424191 0.542179
1.18728 0.555269 0.5432
1.21015 0.546156 0.573453
1.17571 0.642378 0.543671
1.17737 0.742656 0.551844
1.16168 0.841517 0.552764
1.15552 0.9427 0.547165
1.09217 1.08959 0.548702
1.13177 1.04939 0.550938
0.868757 1.18624 0.549284
0.9347 1.19892 0.554027
1.08399 1.11347 0.559448
1.1082 1.1319 0.540305
0.785666 1.26903 0.523873
0.843695 1.24664 0.546896
0.939412 1.2309 0.544852
0.824527 1.32186 0.571804
0.866313 -1.44044 0.613327
0.940132 -1.40687 0.697276
0.877722 -1.33377 0.640971
0.941884 -1.31872 0.6507
0.881437 -1.27313 0.639165
0.953539 -1.25643 0.653823
1.04593 -1.22734 0.640947
1.12778 -1.23212 0.659376
0.935122 -1.19946 0.60097
1.07524 -1.17423 0.654795
1.14583 -1.16931 0.642631
1.25008 -1.1423 0.653871
1.30039 -1.11199 0.635317
1.28538 -1.06862 0.630058
1.34058 -1.04044 0.651913
1.37765 -0.948872 0.662302
1.37285 -0.847947 0.66068
1.35639 -0.741037 0.655022
1.35087 -0.64172 0.652847
1.35294 -0.546492 0.65383
1.34931 -0.44871 0.65235
1.3234 -0.345865 0.643375
1.29271 -0.230359 0.697288
1.31381 -0.249677 0.639947
1.28821 -0.142905 0.6741
1.30603 -0.173719 0.63074
1.28116 -0.03963 0.6543
1.2652 0.0599848 0.654734
1.24038 0.147244 0.64537
1.23011 0.248364 0.64155
1.23344 0.351477 0.642803
1.19646 0.454717 0.688695
1.20823 0.446819 0.641948
1.18723 0.549828 0.640262
1.20525 0.543956 0.650212
1.19247 0.651595 0.62735
1.20544 0.65213 0.66238
1.18377 0.753461 0.656704
1.20671 0.716585 0.647865
1.17278 0.845778 0.649384
1.15062 0.940698 0.644587
1.06354 1.09876 0.685381
1.13922 1.04731 0.645996
0.86172 1.18402 0.653418
0.946363 1.15874 0.667786
1.07032 1.16023 0.660798
1.11712 1.12323 0.661237
0.784641 1.23009 0.631346
0.851543 1.24552 0.645066
0.944735 1.23985 0.652012
1.00205 1.2615 0.65616
0.857764 1.32436 0.637787
1.86704 -3.44604 0.767054
1.92763 -3.42047 0.730887
1.96983 -3.39215 0.771182
2.00399 -3.37969 0.731314
0.951339 -1.58182 0.727235
0.885504 -1.33212 0.718877
0.94253 -1.32185 0.753042
0.886665 -1.27937 0.728795
0.96521 -1.25478 0.744486
1.0414 -1.24428 0.737137
1.12106 -1.22928 0.773376
1.22074 -1.20317 0.729549
0.953166 -1.1884 0.739863
1.05083 -1.18847 0.730775
1.13668 -1.16737 0.746221
1.24563 -1.14649 0.757733
1.30115 -1.12808 0.700665
1.27128 -1.0871 0.736447
1.34095 -1.05488 0.747725
1.36969 -0.947645 0.758175
1.37543 -0.861439 0.760364
1.37549 -0.746867 0.754933
1.36546 -0.644785 0.756239
1.34966 -0.545091 0.753849
1.34836 -0.44838 0.753244
1.33246 -0.348411 0.746534
1.29028 -0.214539 0.728585
1.32027 -0.261412 0.752416
1.28748 -0.144234 0.754998
1.30762 -0.186361 0.768658
1.28843 -0.0408845 0.7528
1.30413 -0.0826121 0.723596
1.27227 0.0603177 0.752739
1.25087 0.148491 0.74324
1.2348 0.249328 0.735908
1.23268 0.351304 0.750321
1.21709 0.444521 0.753668
1.19334 0.542566 0.755539
1.20401 0.564813 0.744637
1.18669 0.652297 0.760658
1.21095 0.638373 0.725028
1.18919 0.75022 0.748353
1.20764 0.755434 0.743809
1.18337 0.855792 0.742346
1.20027 0.88382 0.750352
1.16721 0.950528 0.749338
0.832085 1.09331 0.7832
0.945088 1.08122 0.775521
1.09762 1.09502 0.701572
1.15603 1.04701 0.750069
0.865208 1.15928 0.75844
0.943739 1.14411 0.748038
1.04454 1.14813 0.758604
1.12416 1.12908 0.764535
0.856799 1.24416 0.743408
0.949918 1.23217 0.720284
0.865848 1.32487 0.730525
1.86483 -3.43237 0.856244
1.91913 -3.40742 0.839807
1.96867 -3.37974 0.848121
2.03489 -3.33513 0.89249
0.980263 -1.3562 0.848072
1.01929 -1.32528 0.855583
0.98283 -1.24898 0.849656
1.04952 -1.24108 0.843252
1.13148 -1.23512 0.852549
1.07511 -1.17089 0.829014
1.16161 -1.17715 0.850336
1.24444 -1.14296 0.855285
1.3251 -1.10164 0.826215
1.28325 -1.08195 0.870171
1.35603 -1.04749 0.852778
1.37678 -0.959279 0.862848
1.40686 -0.902272 0.883705
1.37375 -0.867708 0.860344
1.41042 -0.85429 0.832505
1.38086 -0.758627 0.840404
1.3556 -0.64416 0.846553
1.36337 -0.55051 0.861806
1.35786 -0.451612 0.859151
1.33788 -0.349688 0.849307
1.29692 -0.215643 0.861152
1.31997 -0.254815 0.836076
1.28254 -0.121858 0.821523
1.31844 -0.16711 0.850472
1.28105 -0.0267536 0.852911
1.31053 -0.068572 0.835575
1.27006 0.060108 0.847109
1.25638 0.152254 0.84618
1.24983 0.25224 0.851998
1.24033 0.357164 0.858645
1.22785 0.451919 0.855732
1.19915 0.598156 0.809799
1.22112 0.551066 0.851941
1.18982 0.644375 0.846643
1.21201 0.638092 0.857006
1.18761 0.749082 0.856542
1.20748 0.753002 0.829219
1.18162 0.844875 0.838968
1.21597 0.847274 0.83891
1.17645 0.952328 0.856491
0.829538 1.08373 0.802398
0.948633 1.07395 0.847649
1.02164 1.0859 0.863423
1.16052 1.05262 0.841637
0.878403 1.13922 0.82588
0.933529 1.13648 0.83516
1.06504 1.12316 0.845441
1.13841 1.14426 0.847649
0.855724 1.2399 0.800644
2.56187 2.98179 0.884792
2.46584 3.0651 0.837705
2.52027 3.02299 0.841793
1.96396 3.38172 0.851263
1.91913 3.40742 0.839807
1.85388 -3.42174 0.941635
1.8829 -3.39911 0.980549
1.94375 -3.37369 0.94868
2.0257 -3.32007 0.990597
1.07156 -1.42537 0.957185
1.04632 -1.34209 0.938881
0.985869 -1.22932 0.907257
1.06921 -1.24908 0.92865
1.1405 -1.22929 0.973642
1.23376 -1.20154 0.982259
1.08979 -1.18211 0.92504
1.15473 -1.17448 0.934939
1.26089 -1.14728 0.947088
1.33936 -1.1135 0.983934
1.34553 -1.04918 0.946046
1.37653 -0.952256 0.945853
1.40281 -0.916313 0.98693
1.38215 -0.853445 0.917393
1.40978 -0.853859 0.973377
1.37754 -0.749089 0.949256
1.40468 -0.767413 0.917747
1.37643 -0.658588 0.947294
1.35697 -0.544235 0.956173
1.34789 -0.448461 0.955233
1.33967 -0.349959 0.950723
1.33319 -0.253608 0.946945
1.32133 -0.157007 0.940036
1.29182 -0.0383062 0.963484
1.30742 -0.0533804 0.941313
1.28112 0.0606684 0.948958
1.25919 0.149565 0.946203
1.25963 0.254239 0.959635
1.2483 0.347606 0.951762
1.23517 0.450767 0.955025
1.22504 0.546902 0.942826
1.22148 0.654041 0.952051
1.18238 0.786391 0.948805
1.21541 0.747422 0.949025
1.19229 0.838297 0.95536
1.20009 0.826678 0.960367
1.18051 0.943771 0.951406
1.22074 0.921776 0.931149
1.0412 1.08454 0.948156
1.17228 1.03405 0.946461
1.2022 1.05658 0.961736
1.06816 1.10742 0.927629
1.15828 1.13737 0.943173
1.21122 1.13632 0.975088
2.54568 2.97754 0.959746
2.4638 3.04277 0.950199
1.8829 3.39911 0.980549
1.94375 3.37369 0.94868
2.00487 3.33356 0.982264
1.841 3.42759 0.944111
1.8337 -3.41166 1.03588
1.87206 -3.38641 1.06148
1.94862 -3.34717 1.05701
2.01806 -3.30755 1.06322
2.06307 -3.28331 1.05715
1.11526 -1.32455 1.01677
1.09721 -1.26405 1.00323
1.1599 -1.22888 1.03198
1.22713 -1.20952 1.02389
1.19082 -1.17382 1.05859
1.25426 -1.14994 1.03419
1.33162 -1.11947 1.05246
1.34489 -1.04744 1.04751
1.41416 -1.01891 1.07597
1.38974 -0.937586 1.04195
1.40552 -0.901412 1.05879
1.39381 -0.860796 1.06891
1.41814 -0.867216 1.04007
1.39089 -0.760062 1.0426
1.40654 -0.77952 1.08289
1.38485 -0.6579 1.04589
1.37489 -0.560004 1.04948
1.36707 -0.454727 1.05189
1.34279 -0.35087 1.05319
1.35218 -0.252299 1.04966
1.32896 -0.151012 1.04765
1.3177 -0.0457313 1.04881
1.29203 0.0613591 1.0472
1.31117 0.0779915 1.06539
1.27138 0.150917 1.04307
1.30525 0.124016 1.06139
1.26559 0.245739 1.04032
1.24393 0.348508 1.05116
1.24464 0.443558 1.05173
1.19266 0.566593 1.01519
1.24066 0.54498 1.04563
1.22588 0.655958 1.05011
1.19552 0.795131 1.01719
1.22555 0.751037 1.05361
1.18415 0.862484 1.03885
1.20565 0.836225 1.04838
1.18465 0.968616 1.0435
1.21652 0.936143 1.05617
1.19084 1.05367 1.03623
1.21559 1.06835 1.07679
1.17899 1.12812 1.03076
1.21514 1.11598 1.08166
2.65364 2.8678 1.04277
2.55678 2.94485 1.05387
2.60737 2.91088 1.02773
2.44435 3.03041 1.06018
1.87207 3.38641 1.06148
1.94973 3.3476 1.05263
2.01205 3.31353 1.05226
1.79905 3.41867 1.07988
1.82935 3.4138 1.03602
1.84699 -3.37732 1.14974
1.94098 -3.32796 1.1505
2.04504 -3.26749 1.15882
2.11356 -3.2297 1.14912
1.27194 -1.17782 1.11285
1.35445 -1.14487 1.16208
1.3755 -1.0389 1.15001
1.41736 -1.05467 1.13679
1.39322 -0.95977 1.16951
1.41338 -0.940112 1.13934
1.39874 -0.863839 1.1595
1.41722 -0.841569 1.137
1.39562 -0.762505 1.17475
1.41341 -0.748181 1.1596
1.37928 -0.655193 1.15434
1.4056 -0.651055 1.14673
1.38022 -0.557355 1.1466
1.36883 -0.455313 1.13851
1.3486 -0.352394 1.15407
1.36004 -0.261521 1.15373
1.33112 -0.165326 1.14126
1.32658 -0.0516481 1.14517
1.29625 0.0923708 1.15257
1.31752 0.0520093 1.14113
1.27855 0.144313 1.11529
1.30919 0.171096 1.16228
1.2853 0.244294 1.13148
1.25875 0.334643 1.11808
1.2678 0.451813 1.13122
1.24756 0.539029 1.10967
1.23429 0.630313 1.10608
1.23106 0.789529 1.10366
1.22927 0.817575 1.10231
2.58939 2.89081 1.1514
2.64987 2.84459 1.13418
2.47684 2.98075 1.15051
2.52827 2.94234 1.14424
2.42319 3.02167 1.14966
1.98397 3.2988 1.17237
2.01289 3.28305 1.17009
1.84699 3.37732 1.14974
1.94098 3.32796 1.1505
1.79243 3.40609 1.14378
1.79724 -3.37254 1.25877
1.85018 -3.34996 1.24398
1.92875 -3.3097 1.24092
1.96667 -3.28281 1.26173
2.02947 -3.24899 1.25589
2.10994 -3.20755 1.23538
2.15482 -3.17287 1.25783
1.38427 -1.11795 1.21861
1.39228 -1.09135 1.22462
1.42368 -1.05952 1.23632
1.39047 -0.974225 1.22326
1.45066 -0.930241 1.25946
1.42309 -0.844817 1.2301
1.42736 -0.754774 1.24187
1.38699 -0.658913 1.22065
1.4071 -0.623886 1.22399
1.40282 -0.549793 1.23253
1.37279 -0.456729 1.21
1.36368 -0.35631 1.20316
2.56306 2.88153 1.24822
2.45103 2.96878 1.25269
2.53097 2.91554 1.22419
2.40111 3.02282 1.20087
1.96667 3.28281 1.26173
2.02947 3.24899 1.25589
1.78471 3.38074 1.25118
1.85018 3.34996 1.24398
1.92875 3.3097 1.24092
1.78941 -3.34717 1.35475
1.84397 -3.32399 1.34104
1.88449 -3.28992 1.38168
1.94829 -3.26401 1.35461
2.02384 -3.22064 1.35679
2.07752 -3.18281 1.37504
2.20762 -3.09385 1.39467
2.49106 2.89937 1.36372
2.54841 2.85674 1.35257
2.39959 2.96391 1.38027
2.43386 2.9481 1.35171
2.5016 2.91163 1.30616
1.88449 3.28992 1.38168
1.95004 3.26447 1.35023
2.01643 3.22497 1.35673
1.78216 3.35112 1.35366
1.84397 3.32399 1.34104
1.78075 -3.32035 1.44925
1.81804 -3.3107 1.42273
1.85138 -3.27974 1.46207
1.94597 -3.23471 1.44502
2.0111 -3.2006 1.43743
2.04302 -3.17442 1.45714
2.12329 -3.12646 1.45447
2.18972 -3.06877 1.49435
2.4801 2.88661 1.42054
2.38396 2.9446 1.46182
2.43417 2.91966 1.42777
2.02423 3.18531 1.45807
1.85138 3.27974 1.46207
1.94597 3.23471 1.44502
2.0111 3.2006 1.43743
1.76919 3.32561 1.45038
1.81804 3.3107 1.42274
1.76378 -3.30974 1.50335
1.78786 -3.29114 1.52143
1.85728 -3.24616 1.5454
1.9268 -3.2148 1.52897
1.96351 -3.18425 1.55462
2.04544 -3.13586 1.55521
2.10583 -3.10126 1.54932
2.09682 -3.088 1.59591
2.14896 -3.06217 1.57737
1.96351 3.18425 1.55462
2.02317 3.13959 1.57981
1.78786 3.29114 1.52143
1.85728 3.24616 1.5454
1.9268 3.2148 1.52897
1.89824 -3.20135 1.60424
1.96302 -3.15241 1.63427
2.02487 -3.11012 1.6483
2.06576 -3.08121 1.65748
2.13349 -3.04024 1.65263
2.21554 -2.9997 1.62067
2.0667 -3.05275 1.72014
