1.22449 -0.232685 -0.401862
1.05204 1.14903 -0.319387
1.30995 -0.731202 -0.213139
1.30765 -0.621222 -0.212451
1.10474 0.83092 -0.280441
1.06012 1.14685 -0.261946
1.31299 -0.748551 -0.148359
1.30803 -0.683542 -0.147022
1.29043 -0.555635 -0.146666
1.30346 -0.526343 -0.113393
1.28099 -0.452625 -0.144356
1.30063 -0.494306 -0.112756
1.27057 -0.357506 -0.149831
1.25284 -0.250037 -0.151853
1.23286 -0.149587 -0.152768
1.20951 0.0502494 -0.145085
1.11585 0.753461 -0.144666
1.11227 0.839981 -0.134237
1.10587 0.919378 -0.138007
1.06124 1.2387 -0.127274
1.32827 -0.75723 -0.0523724
1.31844 -0.66159 -0.0465579
1.31236 -0.561055 -0.0495972
1.28676 -0.449824 -0.0406025
1.28065 -0.349876 -0.0442957
1.26594 -0.240634 -0.0417329
1.24401 -0.145132 -0.0489998
1.12967 0.741492 -0.0434319
1.11361 0.848028 -0.0501853
1.11084 0.928757 -0.0478013
1.08149 1.0551 -0.0655835
1.06865 1.15146 -0.0406085
1.05586 1.2416 -0.0483256
1.05059 1.33785 -0.05032
1.33743 -0.762477 0.0460394
1.33175 -0.664323 0.0467015
1.31732 -0.563254 0.0480692
1.29336 -0.456448 0.0552432
1.30149 -0.440537 0.0335352
1.28377 -0.341682 0.0549237
1.2646 -0.240363 0.0536294
1.25699 -0.149428 0.0543586
1.11724 0.854939 0.0543254
1.11058 0.958381 0.0504334
1.09213 1.05699 0.0640189
1.34121 -0.736749 0.146449
1.33928 -0.646842 0.150317
1.31911 -0.54836 0.147082
1.2973 -0.431384 0.115109
1.30957 -0.451013 0.155509
1.28725 -0.332588 0.147826
1.28484 -0.2442 0.147912
1.2645 -0.150282 0.148415
1.14522 0.748069 0.151514
1.12765 0.85311 0.153804
1.11533 0.944846 0.14901
1.11379 1.05286 0.155002
1.35437 -0.739818 0.247726
1.34677 -0.639909 0.247366
1.33486 -0.539068 0.246856
1.31464 -0.437285 0.245766
1.29534 -0.338456 0.238334
1.3022 -0.340247 0.253291
1.28129 -0.243622 0.244089
1.27327 -0.151287 0.24379
1.24955 -0.0447483 0.242523
1.20596 0.315099 0.210161
1.15368 0.7535 0.252206
1.13538 0.843714 0.247048
1.13049 0.939716 0.25082
1.12342 1.042 0.255727
1.35193 -0.738686 0.348937
1.3506 -0.641739 0.348899
1.32971 -0.536965 0.346363
1.32191 -0.439727 0.345246
1.29982 -0.308751 0.310033
1.30934 -0.346042 0.347817
1.29096 -0.245412 0.336799
1.30105 -0.247233 0.358975
1.2786 -0.151891 0.339849
1.17018 0.653267 0.355669
1.1531 0.749426 0.352936
1.14509 0.843045 0.349296
1.14374 0.948268 0.354065
1.11177 1.12233 0.360749
1.35835 -0.742167 0.451893
1.35431 -0.64348 0.451048
1.33092 -0.537572 0.446329
1.32533 -0.440745 0.445292
1.29831 -0.308392 0.407294
1.31137 -0.346602 0.446504
1.3056 -0.279111 0.441214
1.26809 -0.0431886 0.449523
1.15808 0.856557 0.44894
1.14453 0.951404 0.453659
1.12441 1.04749 0.446279
1.11596 1.11847 0.458818
1.36163 -0.646903 0.554662
1.33598 -0.444485 0.547472
1.31911 -0.344668 0.542961
1.30151 -0.253501 0.525027
1.28703 -0.152865 0.538128
1.26319 0.0599924 0.559199
1.20709 0.551976 0.564942
1.18065 0.647365 0.549261
1.20455 0.60085 0.541506
1.17887 0.742031 0.554992
1.15865 0.844922 0.55044
1.14599 0.942538 0.555231
1.14042 1.05231 0.54897
1.12234 1.14603 0.554389
1.33966 -0.445617 0.649097
1.31256 -0.249424 0.639556
1.30333 -0.175455 0.636424
1.205 0.553372 0.652106
1.18754 0.746148 0.657995
1.16997 0.84737 0.648186
1.16439 0.957381 0.650434
1.14335 1.05378 0.649956
1.12696 1.11645 0.659116
1.40397 -0.833722 0.776921
1.40253 -0.766238 0.77631
1.36988 -0.646823 0.758156
1.35311 -0.449995 0.755332
1.32693 -0.252298 0.744423
1.30118 -0.123629 0.733218
1.30077 -0.0926925 0.733043
1.21164 0.657188 0.755794
1.19343 0.751192 0.737193
1.18419 0.862451 0.752462
1.17302 0.954336 0.747194
1.1583 1.05694 0.762772
1.41531 -0.907693 0.870274
1.40644 -0.768374 0.813147
1.31364 -0.156073 0.860526
1.30573 -0.0930462 0.865778
1.23038 0.444899 0.845052
1.20878 0.642389 0.852723
1.19143 0.75467 0.8455
1.20766 0.745945 0.844354
1.18522 0.857022 0.838754
1.18079 0.946014 0.856553
1.16042 1.04541 0.852094
1.40962 -0.736434 0.955428
1.33732 -0.254178 0.949094
1.32347 -0.16769 0.952321
1.31358 -0.0936057 0.968459
1.30149 0.0309146 0.977468
1.23757 0.455414 0.953692
1.21982 0.643192 0.945854
1.21415 0.746619 0.955965
1.18062 0.951336 0.956086
1.16229 1.05831 0.945824
1.15637 1.12924 0.957045
1.40297 -0.69983 1.09229
1.37049 -0.455691 1.05162
1.34101 -0.258668 1.04785
1.33169 -0.16226 1.04183
1.31472 -0.0596871 1.06173
1.3073 0.0682771 1.07583
1.30525 0.124016 1.06139
1.23235 0.550231 1.04294
1.22636 0.649661 1.05515
1.22093 0.739494 1.04004
1.18516 0.947607 1.02965
1.17231 1.06701 1.04
1.16087 1.11891 1.03323
1.41148 -0.670543 1.13312
1.37461 -0.457182 1.14695
1.33231 -0.047858 1.16298
1.31378 0.0436067 1.13932
1.28893 0.252623 1.13905
1.26996 0.446494 1.1201
1.24451 0.53778 1.1074
1.42724 -0.752696 1.23651
1.40928 -0.652782 1.21977
1.39037 -0.46241 1.22319
1.78941 -3.34717 1.35475
1.78075 -3.32035 1.44925
1.78786 -3.29114 1.52143
