2.16728 2.98552 -1.36459
2.23534 2.94636 -1.34802
2.07827 3.06035 -1.32734
2.13325 3.02326 -1.33153
2.25549 2.97285 -1.25823
2.31963 2.93851 -1.23167
2.07238 3.08847 -1.27087
2.14989 3.04625 -1.2536
2.22576 3.01354 -1.21165
1.96552 3.16614 -1.23728
2.03848 3.12261 -1.23869
1.90567 3.21388 -1.20215
2.28814 2.9893 -1.16475
2.34403 2.96172 -1.13303
2.42316 2.90646 -1.12273
2.16633 3.07683 -1.15269
2.23749 3.02897 -1.15339
1.97269 3.18607 -1.17659
2.04873 3.1526 -1.14678
2.12181 3.10781 -1.14633
1.85414 3.26245 -1.14609
1.93512 3.22338 -1.13336
1.7778 3.31486 -1.10941
2.48558 2.89299 -1.03213
2.37279 2.97551 -1.04233
2.43147 2.9261 -1.05635
2.19881 3.08151 -1.08481
2.24947 3.06024 -1.04937
2.30813 3.01542 -1.06105
2.06078 3.18138 -1.0481
2.1427 3.12936 -1.05216
1.86897 3.28459 -1.06158
1.95337 3.24277 -1.04991
2.01476 3.20644 -1.05448
1.77493 3.33641 -1.05012
1.82773 3.31371 -1.03876
2.52986 2.88444 -0.958885
2.44138 2.9571 -0.949522
2.5016 2.91163 -0.94616
2.26781 3.08088 -0.954143
2.34123 3.03029 -0.951989
2.09565 3.18582 -0.973058
2.14649 3.1603 -0.953851
2.21375 3.11987 -0.945784
1.95125 3.27603 -0.951814
2.04334 3.22433 -0.94966
1.78116 3.36343 -0.955905
1.84633 3.33205 -0.95102
1.90872 3.3097 -0.917944
2.46492 2.97394 -0.843207
2.52775 2.92188 -0.852437
2.28911 3.09931 -0.850506
2.35106 3.05491 -0.853224
2.40111 3.02282 -0.840874
2.16511 3.1779 -0.859309
2.23616 3.13346 -0.854581
1.9782 3.28893 -0.858765
2.05045 3.25147 -0.84532
2.1219 3.20879 -0.845887
1.78776 3.38299 -0.878194
1.84779 3.36021 -0.851903
1.93297 3.31843 -0.841936
1.79017 3.40179 -0.804979
2.47315 2.99601 -0.747795
2.53272 2.94751 -0.754267
2.36447 3.07741 -0.74238
2.42725 3.02673 -0.760877
2.18375 3.18991 -0.775579
2.25073 3.15343 -0.748902
2.30419 3.11973 -0.742038
2.04994 3.27573 -0.757154
2.13332 3.22802 -0.749775
1.85613 3.38216 -0.752362
1.95016 3.33432 -0.746351
2.01543 3.30324 -0.727299
1.79688 3.41454 -0.741234
1.81624 3.40819 -0.728478
2.52499 2.97867 -0.661869
2.38406 3.08613 -0.654748
2.44925 3.04117 -0.64261
2.26367 3.17201 -0.640866
2.32749 3.12348 -0.664005
2.07178 3.28699 -0.659089
2.14965 3.2417 -0.65328
2.21137 3.20416 -0.64959
1.88626 3.39015 -0.653454
1.94465 3.36088 -0.646531
2.01963 3.31943 -0.648281
1.83414 3.41706 -0.650553
0.946573 -1.16918 -0.506535
1.01484 -1.10887 -0.556051
0.968635 -1.06966 -0.510188
1.03505 -1.01611 -0.510204
0.968951 -0.931974 -0.510467
1.01333 -0.950827 -0.504266
0.971055 -0.86501 -0.524292
0.948878 -0.766325 -0.508207
2.42476 3.08122 -0.547713
2.28271 3.18089 -0.543182
2.34632 3.1363 -0.549365
2.07343 3.2998 -0.597842
2.14875 3.26545 -0.545458
2.22898 3.21188 -0.563185
1.95285 3.37615 -0.552248
2.03926 3.32791 -0.555787
1.84686 3.43185 -0.547299
1.90974 3.40219 -0.536433
0.843427 -1.32225 -0.431725
0.817901 -1.23381 -0.413211
0.882182 -1.16056 -0.433453
0.952544 -1.13718 -0.448524
1.01131 -1.12903 -0.46491
0.878579 -1.05706 -0.45722
0.967574 -1.05762 -0.458384
1.05209 -1.05138 -0.445832
1.14619 -1.0389 -0.441223
0.926638 -0.950542 -0.478002
1.04948 -0.947205 -0.484527
1.14853 -0.956769 -0.465411
1.23221 -0.945186 -0.433658
0.863236 -0.859528 -0.446092
0.965358 -0.833593 -0.480789
1.04304 -0.845098 -0.478286
1.15517 -0.850054 -0.472696
1.25638 -0.843098 -0.440231
0.884782 -0.71426 -0.461719
0.962648 -0.751182 -0.48291
1.05488 -0.744537 -0.478985
1.16451 -0.750285 -0.472913
1.2394 -0.74563 -0.439706
0.887566 -0.653715 -0.463738
0.938436 -0.641825 -0.468033
1.05292 -0.649717 -0.474483
1.15803 -0.647466 -0.463071
1.23991 -0.65172 -0.43593
0.874409 -0.560419 -0.448584
0.939942 -0.544871 -0.456064
1.04814 -0.551169 -0.460128
1.14875 -0.545424 -0.451306
1.24164 -0.547708 -0.427422
0.858187 -0.448557 -0.431578
0.943211 -0.445585 -0.437433
1.0485 -0.442196 -0.451649
1.15512 -0.454443 -0.446818
1.23015 -0.446661 -0.42198
0.847573 -0.346419 -0.412984
0.948145 -0.33756 -0.422468
1.04363 -0.355103 -0.437255
1.15778 -0.348843 -0.43335
1.23164 -0.380321 -0.420527
0.847267 -0.270186 -0.409847
0.953193 -0.253657 -0.412861
1.05191 -0.252335 -0.418029
1.15537 -0.254481 -0.41801
1.22182 -0.232177 -0.400591
0.892524 -0.190803 -0.400368
0.951629 -0.161648 -0.402851
1.04449 -0.155816 -0.409326
1.15194 -0.164374 -0.410312
1.00934 -0.0719175 -0.400601
0.80209 0.914509 -0.401744
0.829588 1.02468 -0.421687
2.4336 3.09242 -0.45886
2.28277 3.19918 -0.448009
2.35653 3.14991 -0.442929
2.15763 3.27967 -0.440535
2.23005 3.23084 -0.461363
1.96703 3.38698 -0.451169
2.04631 3.34218 -0.456922
2.11123 3.30981 -0.427193
1.85907 3.44352 -0.447662
1.92663 3.40927 -0.446237
0.760971 -1.22432 -0.335625
0.819235 -1.22214 -0.352739
0.77522 -1.16931 -0.343155
0.855946 -1.156 -0.343821
0.945262 -1.12869 -0.342585
1.02259 -1.12213 -0.316117
1.13131 -1.10176 -0.385875
0.88949 -1.08805 -0.331658
0.959039 -1.08025 -0.354357
1.04332 -1.06685 -0.341608
1.14904 -1.04602 -0.350763
1.21714 -1.01188 -0.398367
1.17976 -0.980597 -0.329075
1.24152 -0.948075 -0.345055
1.27088 -0.855062 -0.357504
1.30166 -0.834805 -0.308315
1.27065 -0.745119 -0.342945
1.27299 -0.661852 -0.35753
1.25179 -0.550027 -0.352134
1.24487 -0.44351 -0.34921
0.794869 -0.320973 -0.396507
1.23189 -0.348582 -0.354775
0.796407 -0.245879 -0.397622
0.849959 -0.2218 -0.393201
1.21758 -0.246866 -0.349777
0.783759 -0.157964 -0.380467
0.850224 -0.145391 -0.387335
0.931071 -0.132918 -0.394195
1.08423 -0.103016 -0.389443
1.175 -0.117303 -0.354416
1.20622 -0.155558 -0.349992
0.763551 -0.0458476 -0.36402
0.840479 -0.0413618 -0.374917
0.932833 -0.0441662 -0.386541
1.05081 -0.0425767 -0.389855
1.16976 -0.0418232 -0.360777
0.754982 0.0563362 -0.349589
0.846795 0.0521792 -0.363857
0.953032 0.056602 -0.379816
1.05086 0.0592261 -0.381293
1.15062 0.0520569 -0.34814
0.698178 0.165867 -0.326378
0.740968 0.149779 -0.33734
0.853484 0.151666 -0.358426
0.946426 0.151698 -0.369951
1.05289 0.14295 -0.372399
1.13627 0.151555 -0.335733
0.683254 0.227164 -0.315554
0.748541 0.250082 -0.33127
0.859586 0.258245 -0.352224
0.961735 0.245009 -0.368364
1.05528 0.25031 -0.360778
1.13036 0.255145 -0.328749
0.68012 0.331511 -0.31328
0.745127 0.35515 -0.333172
0.846548 0.350114 -0.345739
0.958579 0.352649 -0.359094
1.06189 0.352998 -0.364153
1.12744 0.353293 -0.330137
0.694545 0.461886 -0.323743
0.74996 0.4516 -0.332026
0.860594 0.459638 -0.347074
0.946995 0.460689 -0.352653
1.04909 0.45314 -0.352274
1.11665 0.441766 -0.325597
0.68201 0.502199 -0.314652
0.747076 0.552984 -0.334648
0.843425 0.553821 -0.341679
0.941118 0.558623 -0.349297
1.04128 0.553214 -0.342182
1.1056 0.538204 -0.317713
0.699078 0.64761 -0.327031
0.746744 0.651175 -0.338877
0.837726 0.649434 -0.343269
0.934893 0.643622 -0.345762
1.05173 0.655078 -0.332081
1.11607 0.609736 -0.322428
0.684534 0.796736 -0.316482
0.746585 0.750134 -0.339291
0.851553 0.757762 -0.351947
0.948423 0.737044 -0.345263
1.05737 0.753033 -0.328543
0.690467 0.853015 -0.320786
0.7662 0.860959 -0.354753
0.859935 0.852159 -0.348833
0.937489 0.845657 -0.343441
1.04016 0.849546 -0.32741
1.10375 0.812748 -0.316883
0.77477 0.953771 -0.355572
0.857172 0.953215 -0.356923
0.939879 0.951804 -0.336661
1.03371 0.949093 -0.323506
0.847054 1.03362 -0.352367
0.944888 1.03862 -0.336157
1.04463 1.04903 -0.319901
0.963877 1.12388 -0.339203
1.02696 1.15614 -0.328249
2.46024 3.09725 -0.312241
2.33677 3.17726 -0.360445
2.4034 3.13987 -0.300868
2.17725 3.28387 -0.337277
2.25133 3.23458 -0.354877
1.98475 3.3944 -0.341184
2.04858 3.35654 -0.357943
2.1334 3.31065 -0.335691
1.85564 3.45954 -0.35369
1.93233 3.42147 -0.345996
0.737952 -1.30586 -0.216837
0.762788 -1.23812 -0.249935
0.830093 -1.21954 -0.239725
0.908101 -1.22234 -0.236387
0.782543 -1.18388 -0.26441
0.851158 -1.17684 -0.266695
0.946862 -1.15521 -0.249847
1.04907 -1.12234 -0.235306
1.11371 -1.11108 -0.209952
0.984653 -1.09927 -0.238642
1.05838 -1.07775 -0.265487
1.15338 -1.05552 -0.250932
1.21252 -1.03263 -0.235814
1.19032 -0.98959 -0.296315
1.25987 -0.951751 -0.253517
1.28655 -0.847736 -0.258271
1.30918 -0.862847 -0.229297
1.2863 -0.737118 -0.246093
1.30427 -0.764191 -0.233252
1.28362 -0.63757 -0.248835
1.27588 -0.545606 -0.250459
1.2613 -0.449433 -0.245621
1.24802 -0.358628 -0.245327
1.22403 -0.247193 -0.248416
1.19541 -0.127791 -0.283419
1.21573 -0.148063 -0.241705
1.18503 -0.0395415 -0.252598
1.20434 -0.0858208 -0.211563
1.17014 0.0555099 -0.244173
1.15177 0.146399 -0.243721
1.13601 0.256312 -0.246106
0.659294 0.328868 -0.298176
1.09784 0.378107 -0.231851
1.12278 0.354543 -0.241172
1.09538 0.429307 -0.230928
1.11366 0.457534 -0.249031
1.08958 0.565079 -0.219603
1.11496 0.53925 -0.261127
1.08604 0.656371 -0.227456
1.11248 0.63419 -0.279174
0.633107 0.797034 -0.279183
1.08367 0.737695 -0.242432
1.10276 0.768365 -0.252074
1.07147 0.849787 -0.249922
1.10288 0.812108 -0.288908
1.07458 0.958042 -0.251923
1.10576 0.971817 -0.290131
0.992842 1.08483 -0.291785
1.06321 1.04857 -0.252547
1.05214 1.14312 -0.257426
2.35542 3.17753 -0.267603
2.43578 3.12364 -0.246428
2.18727 3.29033 -0.239307
2.25847 3.24483 -0.24361
2.02804 3.38144 -0.256249
2.13259 3.32243 -0.246421
1.86057 3.46874 -0.262046
1.93793 3.43111 -0.245409
0.82173 -1.44439 -0.107718
0.763345 -1.32307 -0.144427
0.768879 -1.24512 -0.154591
0.843217 -1.24237 -0.14414
0.91708 -1.205 -0.15648
0.776862 -1.18666 -0.175992
0.865271 -1.18472 -0.165791
0.949648 -1.16794 -0.146581
1.04081 -1.12458 -0.154023
1.13803 -1.11677 -0.155275
1.16969 -1.07373 -0.144018
1.22041 -1.03247 -0.155558
1.26499 -0.962564 -0.149102
1.31293 -0.904408 -0.131954
1.29945 -0.802522 -0.17749
1.31351 -0.852804 -0.148478
1.32044 -0.752668 -0.150168
1.29501 -0.627557 -0.143894
1.3109 -0.677297 -0.147786
1.28932 -0.551208 -0.142378
1.27834 -0.455446 -0.13958
1.27001 -0.353904 -0.140408
1.25171 -0.24979 -0.151821
1.24347 -0.150617 -0.150676
1.19466 -5.22204e-08 -0.17854
1.21506 -0.0472903 -0.151376
1.19146 0.0679043 -0.159691
1.20785 0.0430378 -0.137172
1.1781 0.157755 -0.152393
1.16587 0.249207 -0.155243
1.15316 0.342355 -0.151577
1.13695 0.445559 -0.146829
1.13003 0.550113 -0.144937
1.09999 0.679337 -0.177637
1.1195 0.645727 -0.141763
1.09172 0.747763 -0.165725
1.11717 0.745672 -0.132728
1.08795 0.863794 -0.161953
1.11095 0.837754 -0.146425
1.07483 0.953835 -0.153789
1.10205 0.916209 -0.123184
0.993996 1.03887 -0.143176
1.06029 1.06221 -0.156435
0.993857 1.13315 -0.167987
1.04234 1.14499 -0.145556
1.04938 1.24277 -0.12172
1.10494 1.28605 -0.151613
1.05618 1.32965 -0.110563
2.49731 3.0846 -0.194743
2.51937 3.0718 -0.156113
2.37018 3.18075 -0.14601
2.44061 3.13006 -0.155697
2.19978 3.29188 -0.150097
2.25591 3.25764 -0.135861
2.31604 3.21813 -0.138565
2.15013 3.31933 -0.178284
1.86882 3.47524 -0.156385
1.9236 3.44962 -0.132697
0.797574 -1.40193 -0.0593663
0.827707 -1.44501 -0.0891107
0.77374 -1.34023 -0.0462043
0.809639 -1.33927 -0.0156101
0.77912 -1.2658 -0.0584337
0.842272 -1.24733 -0.0460617
0.92712 -1.22563 -0.0439381
1.00351 -1.21567 -0.0458782
0.856026 -1.18235 -0.055362
0.954861 -1.17629 -0.0575715
1.03962 -1.14654 -0.0471358
1.12165 -1.12184 -0.0537095
1.21987 -1.10109 -0.0335619
1.04705 -1.09432 -0.0687354
1.16156 -1.08162 -0.055895
1.23243 -1.04287 -0.0409896
1.2872 -0.961197 -0.052442
1.30829 -0.925974 -0.0424879
1.32012 -0.840206 -0.0476266
1.32009 -0.748701 -0.0550477
1.32121 -0.659133 -0.0511632
1.29512 -0.559917 -0.0661737
1.30271 -0.549244 -0.0236363
1.29087 -0.459928 -0.0500039
1.30036 -0.463317 -0.0151306
1.28029 -0.354051 -0.0412677
1.26243 -0.245917 -0.0441195
1.24933 -0.145553 -0.0449098
1.22588 -0.043919 -0.0498252
1.21097 0.0574888 -0.0470543
1.18116 0.154127 -0.0562978
1.16995 0.250074 -0.0540805
1.16048 0.344452 -0.0521617
1.15306 0.45183 -0.0506658
1.1404 0.555266 -0.0480365
1.13233 0.658883 -0.0511837
1.12523 0.759603 -0.0490877
1.09688 0.885856 -0.066848
1.11019 0.850384 -0.053751
1.08705 0.951599 -0.0510514
1.11081 0.929958 -0.0557971
1.07972 1.05601 -0.0477316
1.10653 1.05148 -0.0412555
1.06079 1.15311 -0.0409826
1.10144 1.125 -0.0679204
1.04236 1.24321 -0.0546638
0.869513 1.39408 -0.0157174
1.04107 1.32251 -0.045404
1.07834 1.43344 -0.00878282
2.52623 3.07483 -0.0570596
2.37372 3.18551 -0.0574649
2.44541 3.13622 -0.0340459
2.23244 3.27819 -0.061792
2.31934 3.22272 -0.0520254
2.17753 3.31029 -0.0922976
1.86477 3.48543 -0.0437321
1.93669 3.44963 -0.0330117
0.77935 -1.349 0.0423468
0.828438 -1.33179 0.0672013
0.761713 -1.26569 0.0415897
0.847016 -1.25611 0.0524483
0.933975 -1.23765 0.0588246
0.751266 -1.19326 0.0411512
0.956424 -1.17231 0.0475118
1.04694 -1.14984 0.0492345
1.14032 -1.12525 0.0517733
1.16387 -1.08083 0.0538815
1.23457 -1.03469 0.054127
1.31031 -1.01665 0.059783
1.31673 -0.949495 0.0482143
1.33083 -0.853526 0.0470347
1.33256 -0.759779 0.0467964
1.33019 -0.663531 0.0469266
1.29549 -0.538526 0.0504242
1.31284 -0.565904 0.0486359
1.29361 -0.455804 0.0452196
1.30459 -0.47516 0.0603572
1.28428 -0.350859 0.0515919
1.27751 -0.242779 0.0523052
1.25951 -0.149755 0.0540878
1.23426 -0.0442346 0.0565561
1.21569 0.0576252 0.0584621
1.1941 0.16309 0.0331637
1.20409 0.135834 0.0821094
1.18094 0.252457 0.0470955
1.17111 0.347567 0.0483633
1.1629 0.455744 0.049273
1.15508 0.559553 0.0491416
1.14438 0.6481 0.052442
1.13112 0.746092 0.0496469
1.09745 0.886313 0.0702119
1.1255 0.85533 0.0586856
1.09492 0.951884 0.0704384
1.11057 0.956106 0.045693
1.09371 1.06074 0.0615273
1.11164 1.05925 0.053284
1.0659 1.16251 0.0519809
1.11398 1.14219 0.0452735
0.751371 1.26992 0.0728502
0.810265 1.2605 0.0888913
1.03496 1.21675 0.0376842
0.769893 1.32893 0.0642961
0.825366 1.36071 0.0580707
0.855128 1.40797 0.0301903
2.53687 3.07273 0.0531065
2.37605 3.18863 0.0314465
2.44769 3.13914 0.0575674
2.32152 3.22574 0.0348555
1.87991 3.48271 0.0624635
1.94518 3.44917 0.058383
2.00017 3.42076 0.0799522
0.785373 -1.41779 0.121074
0.818247 -1.46737 0.169821
0.776602 -1.32974 0.149747
0.832173 -1.33488 0.138478
0.764859 -1.28286 0.158482
0.846838 -1.25642 0.145751
0.936583 -1.23453 0.159679
1.01289 -1.21099 0.163102
0.844612 -1.18368 0.137753
0.955959 -1.18161 0.128759
1.04139 -1.16323 0.137553
1.13953 -1.13748 0.154803
1.23233 -1.11164 0.18
1.19078 -1.0889 0.120437
1.25409 -1.05888 0.148621
1.30502 -1.02295 0.147451
1.29597 -0.985076 0.147588
1.3186 -0.950876 0.147098
1.34491 -0.850712 0.149425
1.34773 -0.752303 0.14633
1.32774 -0.658463 0.142786
1.30904 -0.559736 0.147335
1.29783 -0.431555 0.115083
1.30606 -0.452966 0.153875
1.28748 -0.336448 0.147746
1.28103 -0.243455 0.148075
1.26582 -0.15048 0.148338
1.24054 -0.0443586 0.149024
1.22531 0.0581182 0.149409
1.18909 0.190618 0.157717
1.20925 0.139953 0.146001
1.18736 0.253877 0.14664
1.20169 0.256896 0.18
1.17863 0.349836 0.150603
1.17365 0.459854 0.150727
1.1574 0.559798 0.151206
1.14529 0.647457 0.1514
1.13751 0.743022 0.151567
1.1256 0.851502 0.149895
1.08827 0.973633 0.143712
1.11522 0.950813 0.157842
0.950724 1.09242 0.165755
1.0922 1.06799 0.143594
1.11267 1.05278 0.161557
0.964393 1.12686 0.141146
1.04722 1.13238 0.137842
1.10043 1.12397 0.18
0.762679 1.25943 0.161981
0.833552 1.25867 0.152886
0.949765 1.24689 0.131279
0.784048 1.32172 0.135522
0.82143 1.33474 0.141943
0.936168 1.33412 0.143109
2.52262 3.08573 0.148457
2.39142 3.18102 0.150097
2.44863 3.14034 0.149382
2.34997 3.20945 0.150615
1.94788 3.44965 0.159143
2.00076 3.42176 0.18
0.820475 -1.46168 0.234669
0.769367 -1.31892 0.26468
0.838346 -1.32392 0.253268
0.901148 -1.3271 0.258923
0.777787 -1.27433 0.248998
0.85637 -1.27354 0.243107
0.942015 -1.23934 0.245473
1.02353 -1.21536 0.256861
0.969536 -1.18752 0.22838
1.05905 -1.17351 0.2427
1.14681 -1.14052 0.253722
1.22804 -1.11284 0.236282
1.25588 -1.07311 0.245863
1.31668 -1.02806 0.245872
1.34696 -0.953249 0.247379
1.34867 -0.844471 0.24755
1.34897 -0.741009 0.247411
1.34 -0.642968 0.247081
1.32884 -0.536595 0.246476
1.31405 -0.436949 0.245841
1.29111 -0.328607 0.240003
1.31404 -0.374552 0.262208
1.28756 -0.244769 0.244358
1.30251 -0.24754 0.245181
1.26798 -0.150745 0.24352
1.25263 -0.0448152 0.242726
1.2324 0.0583863 0.241683
1.19856 0.170818 0.209976
1.20771 0.15192 0.240426
1.19492 0.263597 0.248357
1.20789 0.240904 0.258608
1.19108 0.361151 0.262622
1.20397 0.324106 0.220116
1.17363 0.450275 0.254548
1.16753 0.547593 0.251154
1.15377 0.646811 0.253231
1.1466 0.748905 0.251633
1.14255 0.849136 0.25137
1.131 0.945983 0.250739
0.889838 1.05683 0.291273
0.962352 1.08826 0.249299
1.06053 1.07901 0.247914
1.11632 1.04168 0.245821
0.857972 1.18202 0.265831
0.957685 1.11414 0.239787
1.06201 1.11642 0.245318
1.10066 1.1242 0.290109
0.78862 1.26791 0.250717
0.850968 1.25656 0.247306
0.936124 1.2374 0.249193
0.787832 1.32709 0.261872
0.813024 1.32718 0.242769
2.50735 3.097 0.242708
2.38154 3.18659 0.279188
2.4485 3.14017 0.241236
2.34506 3.21206 0.25812
1.9447 3.45077 0.249416
0.78458 -1.32768 0.356753
0.841447 -1.33293 0.347887
0.931362 -1.31143 0.359331
0.773495 -1.26392 0.334989
0.8566 -1.27449 0.351224
0.9462 -1.24493 0.353607
1.03215 -1.22509 0.342577
0.989422 -1.18286 0.344973
1.05739 -1.1755 0.348788
1.15333 -1.14547 0.348782
1.21209 -1.13241 0.367035
1.25067 -1.07051 0.343691
1.33074 -1.02726 0.346292
1.34871 -0.949252 0.345509
1.34912 -0.839569 0.35204
1.35533 -0.74049 0.349206
1.35746 -0.644898 0.349906
1.3312 -0.537691 0.346474
1.32236 -0.439769 0.345324
1.29741 -0.323569 0.309792
1.31138 -0.347161 0.353364
1.28747 -0.244725 0.340999
1.27791 -0.151869 0.33995
1.25606 -0.040712 0.346094
1.23802 0.0587905 0.35028
1.22125 0.144957 0.348022
1.19994 0.256523 0.360062
1.20965 0.238592 0.352226
1.1941 0.380036 0.353282
1.20426 0.328973 0.360704
1.18248 0.458645 0.360675
1.20444 0.41485 0.375784
1.17731 0.549101 0.353928
1.16761 0.651677 0.355217
1.15075 0.751729 0.352691
1.14786 0.845186 0.352377
1.14927 0.946782 0.354775
0.884782 1.05082 0.334898
0.933454 1.0737 0.349979
1.08475 1.07359 0.347338
1.12266 1.03524 0.348465
0.886045 1.18556 0.357247
0.93534 1.15777 0.361949
1.05406 1.12847 0.350687
1.10436 1.12799 0.373339
0.77927 1.2701 0.350658
0.843972 1.25254 0.345598
0.909833 1.24419 0.349014
0.776355 1.32731 0.347843
0.815518 1.32973 0.343353
0.946149 1.32597 0.392967
2.37543 3.18781 0.358227
2.44702 3.13828 0.33299
0.76123 -1.30188 0.408459
0.840064 -1.32953 0.460888
0.928359 -1.30104 0.423792
0.77576 -1.26994 0.462119
0.861769 -1.25851 0.439673
0.9483 -1.23862 0.446086
1.04226 -1.22889 0.45054
1.10341 -1.20564 0.455983
0.893565 -1.18861 0.425827
0.968179 -1.19587 0.494782
1.06841 -1.1716 0.473708
1.14993 -1.16109 0.445808
1.24225 -1.12092 0.459452
1.28049 -1.06807 0.452089
1.3257 -1.02997 0.44087
1.35174 -0.951372 0.450696
1.36522 -0.849517 0.453319
1.35951 -0.742769 0.452052
1.35487 -0.643682 0.450911
1.33929 -0.540972 0.447872
1.33434 -0.443734 0.446893
1.29704 -0.30809 0.423263
1.31765 -0.353298 0.448291
1.28572 -0.221477 0.445348
1.3103 -0.267703 0.435736
1.28326 -0.149418 0.443222
1.26003 -0.0493987 0.454528
1.24566 0.0591515 0.460356
1.22686 0.14563 0.456142
1.21474 0.245076 0.453417
1.19443 0.359303 0.418981
1.20749 0.351347 0.459335
1.18726 0.462293 0.429497
1.20636 0.448876 0.46665
1.19029 0.558294 0.447914
1.2018 0.55189 0.460528
1.17294 0.657744 0.44845
1.15763 0.753864 0.452623
1.16074 0.846704 0.451414
1.14731 0.947507 0.451023
0.971608 1.08471 0.471597
1.06871 1.07564 0.450469
1.12818 1.04647 0.451518
0.884843 1.19802 0.489817
0.96332 1.14548 0.425084
1.04904 1.12873 0.439343
1.11153 1.14844 0.45812
0.767066 1.25416 0.442223
0.847713 1.25201 0.44725
0.927649 1.22676 0.451444
0.795189 1.3033 0.4982
0.825193 1.32555 0.469223
0.870966 -1.4068 0.583014
0.792395 -1.31754 0.536718
0.852334 -1.34179 0.535182
0.924679 -1.30879 0.559147
0.795905 -1.24775 0.518392
0.851958 -1.27534 0.54323
0.949227 -1.24683 0.546161
1.0572 -1.22632 0.560431
1.13106 -1.20831 0.548051
0.893986 -1.18917 0.560093
0.96734 -1.19483 0.567088
1.05068 -1.18228 0.553429
1.16437 -1.15702 0.547563
1.25513 -1.13196 0.553396
1.2805 -1.06443 0.552054
1.34163 -1.02994 0.545178
1.35844 -0.951791 0.553406
1.35869 -0.850741 0.556736
1.3664 -0.746476 0.555957
1.35511 -0.643864 0.552919
1.3394 -0.540774 0.548545
1.34081 -0.446116 0.548984
1.29408 -0.307387 0.568378
1.322 -0.349403 0.539576
1.28991 -0.245116 0.534646
1.30608 -0.248225 0.539296
1.28801 -0.149179 0.558566
1.30593 -0.186121 0.522953
1.27251 -0.0454022 0.562002
1.25734 0.0596843 0.557451
1.23935 0.147136 0.552065
1.22305 0.246662 0.547039
1.19749 0.341333 0.524445
1.21266 0.352784 0.551534
1.19387 0.445596 0.538323
1.20921 0.445111 0.535383
1.19196 0.553559 0.534437
1.20243 0.542655 0.563426
1.17882 0.65415 0.536512
1.17387 0.745773 0.55439
1.16584 0.849642 0.556958
1.14791 0.944337 0.555788
0.955238 1.04374 0.562245
1.0796 1.08981 0.571495
1.1346 1.05528 0.555451
0.870181 1.18263 0.546534
0.908549 1.18696 0.566285
1.08016 1.12025 0.53999
1.10505 1.11119 0.520882
0.788622 1.25497 0.534963
0.848244 1.25298 0.545824
0.945855 1.22804 0.544973
1.12414 1.22829 0.545489
0.859297 1.32672 0.523854
0.880298 -1.33227 0.636978
0.952301 -1.31731 0.663471
0.863799 -1.25646 0.627948
0.946774 -1.2599 0.649107
1.04191 -1.22729 0.653536
1.11978 -1.21885 0.641809
1.04793 -1.1757 0.68443
1.1509 -1.17261 0.648299
1.23026 -1.14349 0.648451
1.27699 -1.07011 0.663677
1.33174 -1.04387 0.646326
1.3562 -0.950007 0.654969
1.38349 -0.850287 0.660053
1.37673 -0.752061 0.661969
1.35387 -0.643292 0.653852
1.34434 -0.542859 0.650698
1.33993 -0.445659 0.649009
1.31376 -0.343267 0.639996
1.29413 -0.245919 0.600759
1.30705 -0.248406 0.641767
1.28741 -0.144222 0.644468
1.30222 -0.185592 0.668523
1.27668 -0.0455086 0.658914
1.26047 0.0597546 0.652781
1.23944 0.147108 0.64505
1.22539 0.251633 0.648522
1.22029 0.355522 0.640606
1.19473 0.482438 0.658079
1.21092 0.446972 0.648283
1.18879 0.546813 0.652963
1.20384 0.557648 0.601509
1.18506 0.647418 0.65786
1.20714 0.640343 0.622777
1.18459 0.751153 0.651129
1.20275 0.728521 0.676333
1.16808 0.846148 0.647345
1.16243 0.955704 0.649544
1.08713 1.08456 0.642229
1.138 1.05025 0.648593
0.839784 1.18962 0.646876
0.956301 1.12906 0.693529
1.07069 1.1183 0.656986
1.12333 1.12941 0.666954
0.85369 1.24045 0.645345
0.942649 1.22759 0.658657
0.850584 1.31315 0.64792
0.925328 -1.53857 0.712273
0.881437 -1.42372 0.70907
0.859117 -1.32646 0.717159
0.950972 -1.33315 0.747024
1.04362 -1.31384 0.728118
0.893132 -1.27997 0.723553
0.965061 -1.25519 0.743797
1.04218 -1.2444 0.753311
1.12633 -1.21986 0.760182
1.06046 -1.18887 0.730147
1.15233 -1.16312 0.750802
1.25287 -1.14374 0.744022
1.30553 -1.14739 0.702417
1.27136 -1.07696 0.731189
1.33985 -1.03643 0.755216
1.36051 -0.937081 0.754095
1.37728 -0.861544 0.736825
1.41198 -0.83848 0.780328
1.38251 -0.755381 0.750476
1.37169 -0.647644 0.758878
1.34249 -0.542249 0.750772
1.3381 -0.444971 0.748922
1.29701 -0.308082 0.79632
1.32649 -0.346578 0.743912
1.29157 -0.214754 0.793738
1.31406 -0.252963 0.74527
1.2914 -0.157817 0.752135
1.30218 -0.154681 0.749885
1.28497 -0.040801 0.765587
1.30446 -0.0619657 0.745467
1.27531 0.0605028 0.754124
1.25302 0.145794 0.750416
1.23074 0.241678 0.745297
1.22924 0.347678 0.752988
1.22702 0.45059 0.75833
1.19151 0.562498 0.749823
1.21841 0.535469 0.774238
1.18211 0.653802 0.754245
1.20726 0.638093 0.738635
1.18896 0.73915 0.734989
1.20662 0.762431 0.75932
1.1812 0.869622 0.741274
1.20893 0.825604 0.761998
1.17664 0.960937 0.750505
0.825852 1.08644 0.774767
0.947985 1.08939 0.777486
1.0994 1.0968 0.716164
1.15677 1.05736 0.741751
0.777418 1.18184 0.724406
0.854059 1.15569 0.748534
0.946779 1.13997 0.751131
1.05793 1.12975 0.754428
1.14411 1.10661 0.766327
0.795667 1.22848 0.737185
0.858661 1.24626 0.736997
0.937743 1.23329 0.735346
0.845273 1.30507 0.729643
0.904137 1.46038 0.700083
1.97431 3.39204 0.755991
2.0023 3.37684 0.755866
1.91913 -3.40742 0.839807
1.96738 -3.37967 0.852375
1.02077 -1.4548 0.856599
0.883518 -1.30116 0.820803
0.977722 -1.34677 0.856838
1.02562 -1.35758 0.866256
0.985494 -1.24049 0.863546
1.05407 -1.24858 0.853574
1.1311 -1.23532 0.872802
1.0795 -1.18943 0.84928
1.14514 -1.16606 0.838398
1.24446 -1.14989 0.855683
1.31978 -1.12449 0.844244
1.29535 -1.07691 0.892723
1.35393 -1.04502 0.857251
1.35816 -0.944763 0.844453
1.37957 -0.864097 0.85273
1.41638 -0.863497 0.829379
1.37942 -0.750179 0.846672
1.40723 -0.768805 0.866272
1.36543 -0.648886 0.851437
1.3477 -0.544317 0.854146
1.33859 -0.445253 0.849637
1.32674 -0.350707 0.847863
1.29807 -0.215834 0.829289
1.31413 -0.255012 0.848336
1.29058 -0.122622 0.825544
1.31308 -0.16631 0.8641
1.28484 -0.0366851 0.85168
1.31725 -0.0938668 0.871826
1.27345 0.0604518 0.849007
1.26579 0.153996 0.848866
1.24621 0.24915 0.842323
1.2381 0.352828 0.861305
1.22419 0.450661 0.853616
1.18386 0.534272 0.831405
1.20846 0.550136 0.844941
1.19127 0.650833 0.815569
1.21332 0.642226 0.864946
1.19242 0.756683 0.853088
1.21335 0.754103 0.852622
1.19321 0.850279 0.843985
1.20945 0.842837 0.835499
1.17898 0.953977 0.860428
1.20272 0.949921 0.849283
0.828452 1.08231 0.801583
0.945892 1.06709 0.840841
1.0364 1.08615 0.845841
1.16533 1.05757 0.835671
1.20508 1.00186 0.843052
0.873617 1.1568 0.819161
0.933157 1.14515 0.845262
1.07703 1.12119 0.831079
1.13746 1.12092 0.859605
0.870302 1.2817 0.822037
0.90003 1.28272 0.832778
1.96396 3.38172 0.851263
2.01378 3.34837 0.885101
1.85578 3.43744 0.852964
1.91913 3.40742 0.839807
1.85388 -3.42174 0.941635
1.8829 -3.39911 0.980549
1.94375 -3.37369 0.94868
2.00487 -3.33356 0.982264
1.01441 -1.35526 0.928323
0.980126 -1.2339 0.915383
1.06848 -1.25275 0.948279
1.14444 -1.22588 0.959364
1.3019 -1.20605 0.994005
1.08737 -1.19662 0.932438
1.15024 -1.17668 0.950869
1.24122 -1.15552 0.951324
1.32632 -1.16567 0.942936
1.27286 -1.07619 0.937434
1.344 -1.04999 0.958214
1.37693 -0.940437 0.94618
1.41802 -0.976793 0.995679
1.37681 -0.854871 0.937509
1.41051 -0.837606 0.991362
1.37239 -0.753491 0.957814
1.36389 -0.652185 0.947363
1.35357 -0.542028 0.949017
1.34566 -0.447479 0.954129
1.32968 -0.34749 0.944979
1.32726 -0.252375 0.943421
1.32042 -0.152837 0.943629
1.29257 -0.0154047 0.955801
1.31633 -0.0627285 0.957671
1.28853 0.0699768 0.953418
1.30197 0.0309261 0.961483
1.26808 0.150634 0.941104
1.258 0.2579 0.946403
1.25341 0.35138 0.95736
1.24435 0.449921 0.954535
1.2286 0.543593 0.948165
1.19973 0.683939 0.930124
1.22143 0.647867 0.94883
1.18746 0.789766 0.952152
1.22263 0.758162 0.954709
1.17175 0.841872 0.971179
1.20782 0.860715 0.94814
1.16586 0.968952 0.94761
1.20735 0.931918 0.949892
0.997117 1.0895 0.928132
1.05206 1.08525 0.939735
1.1636 1.05633 0.943033
0.960808 1.18676 0.900889
1.03107 1.10211 0.927822
1.15002 1.11251 0.952668
1.2058 1.11703 0.933922
2.54568 2.97754 0.959746
2.4638 3.04277 0.950199
1.8829 3.39911 0.980549
1.94375 3.37369 0.94868
2.00487 3.33356 0.982264
1.841 3.42759 0.944111
1.8337 -3.41166 1.03588
1.87206 -3.38641 1.06148
1.94471 -3.351 1.0498
2.00773 -3.31437 1.05882
1.15913 -1.32159 1.04969
1.16729 -1.22565 1.04083
1.09327 -1.19456 1.00027
1.15607 -1.1691 1.03589
1.25765 -1.16425 1.05305
1.32127 -1.11916 1.07215
1.34262 -1.05207 1.04283
1.40683 -1.03592 1.02443
1.39051 -0.963515 1.05519
1.41733 -0.97632 1.03073
1.38811 -0.870505 1.05491
1.41353 -0.847641 1.04613
1.39257 -0.738766 1.05067
1.41293 -0.727203 1.07522
1.37615 -0.645555 1.0232
1.40703 -0.634974 1.08319
1.37154 -0.55395 1.03748
1.40742 -0.568325 1.07752
1.36829 -0.450429 1.05997
1.34877 -0.352506 1.05712
1.34342 -0.255447 1.05364
1.28961 -0.12253 1.06685
1.32548 -0.161413 1.03767
1.29556 -0.0384172 1.04668
1.31224 -0.0586877 1.05775
1.29292 0.0701336 1.04849
1.31436 0.0312203 1.06754
1.27553 0.151399 1.0528
1.26024 0.252923 1.04294
1.24307 0.354356 1.05065
1.23862 0.441222 1.04107
1.19495 0.596066 1.07657
1.22471 0.540848 1.04982
1.18776 0.620691 1.04147
1.22792 0.662566 1.04545
1.18766 0.7899 1.01169
1.22455 0.753559 1.05692
1.17734 0.857477 1.03887
1.21123 0.834289 1.05851
1.18201 0.957076 1.03727
1.2064 0.974306 1.08516
1.09573 1.09314 1.00212
1.1718 1.07151 1.03353
1.20821 1.04278 1.05621
1.16865 1.12886 1.04703
2.55678 2.94485 1.05387
2.60737 2.91088 1.02773
2.44435 3.03041 1.06018
1.87207 3.38641 1.06148
1.94973 3.3476 1.05263
2.01205 3.31353 1.05226
1.79905 3.41867 1.07988
1.82935 3.4138 1.03602
1.84699 -3.37732 1.14974
1.94098 -3.32796 1.1505
1.98396 -3.2988 1.17237
2.04692 -3.26806 1.1522
2.11668 -3.21779 1.18582
1.30981 -1.21338 1.12999
1.28984 -1.13862 1.13165
1.33257 -1.15453 1.14593
1.36943 -1.06183 1.14648
1.41725 -1.04341 1.15818
1.38115 -0.962047 1.16969
1.42627 -0.962254 1.15737
1.37845 -0.86232 1.12233
1.41664 -0.827803 1.12949
1.39377 -0.761572 1.15602
1.41038 -0.748176 1.14403
1.37964 -0.655586 1.1558
1.41279 -0.637608 1.16934
1.37962 -0.557199 1.15052
1.40683 -0.534689 1.16515
1.3818 -0.45949 1.14774
1.34381 -0.347217 1.1505
1.33707 -0.254311 1.14559
1.31958 -0.16059 1.1412
1.3252 -0.0456649 1.15222
1.29625 0.0923708 1.15257
1.31256 0.0519338 1.13741
1.28596 0.152832 1.13689
1.27874 0.242968 1.1267
1.26109 0.344141 1.12619
1.24274 0.457191 1.11242
1.23156 0.658259 1.10403
2.58939 2.89081 1.1514
2.47684 2.98075 1.15051
2.52827 2.94234 1.14424
2.42319 3.02167 1.14966
1.98397 3.2988 1.17237
2.01731 3.28225 1.16379
1.84699 3.37732 1.14974
1.94098 3.32796 1.1505
1.79243 3.40609 1.14378
1.79724 -3.37254 1.25877
1.85018 -3.34996 1.24398
1.92875 -3.3097 1.24092
1.96667 -3.28281 1.26173
2.04526 -3.24229 1.24745
1.41398 -1.12525 1.2409
1.38149 -1.0338 1.21653
1.37831 -0.932965 1.21414
1.4209 -0.936655 1.21947
1.42463 -0.846107 1.23112
1.42419 -0.752542 1.23958
1.39372 -0.662107 1.2257
1.40691 -0.634954 1.20041
1.38004 -0.573456 1.21544
1.41383 -0.537331 1.24079
1.39204 -0.446396 1.22444
1.40017 -0.498881 1.23054
1.37033 -0.390598 1.20815
1.3682 -0.259995 1.20656
2.57196 2.871 1.25738
2.45103 2.96878 1.25269
2.53097 2.91554 1.22419
2.39229 3.01171 1.25696
2.40111 3.02282 1.20087
1.96667 3.28281 1.26173
2.02947 3.24899 1.25589
1.78471 3.38074 1.25118
1.85018 3.34996 1.24398
1.92875 3.3097 1.24092
1.78941 -3.34717 1.35475
1.84397 -3.32399 1.34104
1.88449 -3.28992 1.38168
1.94203 -3.26853 1.3515
2.03713 -3.21732 1.34302
2.08356 -3.18382 1.36105
2.15096 -3.14099 1.36349
2.49106 2.89937 1.36372
2.54841 2.85674 1.35257
2.39959 2.96391 1.38027
2.43386 2.9481 1.35171
2.5016 2.91163 1.30616
2.38308 3.00011 1.31241
1.88449 3.28992 1.38168
1.95004 3.26447 1.35023
2.03238 3.21822 1.34879
1.78216 3.35112 1.35366
1.84397 3.32399 1.34104
1.78075 -3.32035 1.44925
1.81804 -3.3107 1.42274
1.85138 -3.27974 1.46207
1.94597 -3.23471 1.44502
2.0111 -3.2006 1.43743
2.045 -3.17277 1.45833
2.10157 -3.1449 1.44143
2.4801 2.88661 1.42054
2.37714 2.95489 1.44832
2.43417 2.91966 1.42777
2.01939 3.18169 1.47618
1.85138 3.27974 1.46207
1.94597 3.23471 1.44502
2.0111 3.2006 1.43743
1.76919 3.32561 1.45038
1.81804 3.3107 1.42274
1.76378 -3.30974 1.50335
1.78786 -3.29114 1.52143
1.85728 -3.24616 1.5454
1.9268 -3.2148 1.52897
1.96351 -3.18425 1.55462
2.04544 -3.13586 1.55521
2.09682 -3.088 1.59591
2.14471 -3.0732 1.5568
1.96351 3.18425 1.55462
2.01934 3.14963 1.56032
1.85728 3.24616 1.5454
1.9268 3.2148 1.52897
1.89824 -3.20135 1.60424
1.96302 -3.15241 1.63427
2.02487 -3.11012 1.6483
2.06266 -3.08638 1.65004
