1.23317 -0.648573 -0.427748
1.27483 -0.855136 -0.345966
1.26577 -0.749105 -0.344714
1.17784 -0.130681 -0.366308
1.16688 -0.0410588 -0.363614
1.13265 0.259321 -0.332319
1.12601 0.3555 -0.332364
1.11332 0.449553 -0.335012
1.05014 0.843275 -0.318575
1.04619 0.955177 -0.319011
1.02672 1.04474 -0.318708
1.01406 1.14766 -0.34381
1.19334 -0.146436 -0.27762
1.18923 -0.0424404 -0.251147
1.17602 0.0557042 -0.246297
1.15098 0.150182 -0.244149
1.12162 0.357352 -0.252371
1.11748 0.451198 -0.253159
1.09057 0.647502 -0.229122
1.08761 0.746854 -0.245422
1.3068 -0.925983 -0.141387
1.07938 0.862118 -0.163489
1.05292 1.05615 -0.149864
1.31473 -0.932839 -0.054284
1.31803 -0.945383 0.0481625
1.18863 0.169375 0.0462923
1.18079 0.252447 0.0472105
1.19008 0.190765 0.157723
1.19168 0.254722 0.150243
1.16319 0.455871 0.150888
1.09517 0.988523 0.15261
1.3434 -0.953832 0.237236
1.22585 0.0581704 0.241353
1.21002 0.15406 0.23786
1.19497 0.261128 0.22786
1.18639 0.352131 0.254265
1.17304 0.450032 0.250075
1.07291 1.08814 0.23396
1.35319 -0.835767 0.349188
1.21879 0.144687 0.347676
1.19637 0.255744 0.35206
1.20836 0.239097 0.343836
1.19399 0.368592 0.34422
1.18672 0.451015 0.358157
1.17388 0.543662 0.356098
1.15779 0.646102 0.353773
1.09021 1.08763 0.37075
1.36502 -0.843048 0.453208
1.29386 -0.307334 0.438873
1.24762 0.0591752 0.460744
1.23232 0.146346 0.457461
1.21984 0.24615 0.454526
1.19341 0.368481 0.436696
1.20601 0.347784 0.460043
1.18624 0.456319 0.444128
1.16832 0.648307 0.443064
1.37376 -0.854882 0.561228
1.2516 0.0593839 0.555718
1.24149 0.147401 0.552584
1.22539 0.24736 0.5479
1.19777 0.369884 0.524506
1.21368 0.345878 0.548093
1.1898 0.446484 0.525268
1.20512 0.443714 0.551762
1.18999 0.560585 0.552098
1.38514 -0.859573 0.669252
1.3724 -0.749694 0.660371
1.34088 -0.541515 0.649591
1.31659 -0.344105 0.640963
1.29555 -0.252332 0.665943
1.28814 -0.142895 0.645114
1.27787 -0.0457015 0.659542
1.26259 0.0598482 0.653784
1.24203 0.14743 0.646017
1.23065 0.247238 0.64641
1.22477 0.354733 0.636586
1.21457 0.449993 0.653824
1.19824 0.548913 0.663765
1.18509 0.639557 0.658416
1.11471 1.12069 0.658609
1.37533 -0.849413 0.747591
1.37753 -0.747824 0.755803
1.35866 -0.641697 0.753463
1.35449 -0.546849 0.755923
1.342 -0.446334 0.750527
1.31845 -0.352464 0.75283
1.31353 -0.249766 0.744072
1.2919 -0.143217 0.767009
1.30567 -0.17834 0.743259
1.28346 -0.0444758 0.760659
1.27206 0.0604474 0.752654
1.24897 0.14823 0.742361
1.23595 0.250862 0.739266
1.2325 0.351281 0.75012
1.22021 0.445164 0.762631
1.19442 0.567427 0.747545
1.21147 0.542555 0.755711
1.18209 0.664366 0.761363
1.18688 0.749156 0.735478
1.13216 1.13095 0.764476
1.40455 -0.900791 0.88255
1.38773 -0.863592 0.839472
1.37528 -0.726969 0.859192
1.3727 -0.652227 0.849334
1.35427 -0.546956 0.857312
1.34882 -0.44856 0.854676
1.3332 -0.348433 0.851138
1.31724 -0.254326 0.838889
1.29237 -0.122792 0.826437
1.30979 -0.155606 0.862475
1.28218 -0.0304344 0.853516
1.27473 0.0641652 0.845467
1.2595 0.152495 0.847774
1.24595 0.24807 0.839128
1.23451 0.351889 0.859283
1.22654 0.451356 0.854873
1.21388 0.551434 0.84799
1.21121 0.618511 0.853991
1.18818 0.75689 0.849961
1.18337 0.843202 0.822678
1.16744 0.945875 0.858246
1.14857 1.1294 0.861991
1.41672 -0.942251 0.959486
1.41725 -0.863936 0.971562
1.37973 -0.655521 0.944073
1.35164 -0.449545 0.957606
1.32827 -0.252504 0.944112
1.31575 -0.165215 0.94624
1.30819 -0.0622266 0.957001
1.28602 0.0572929 0.952022
1.27393 0.147353 0.948537
1.25217 0.260214 0.939307
1.24576 0.35509 0.958824
1.23125 0.438696 0.949866
1.22861 0.53568 0.948294
1.21608 0.649913 0.942888
1.18701 0.770703 0.93213
1.18904 0.83781 0.97301
1.17295 0.94391 0.949175
1.1573 1.05066 0.938837
1.15087 1.13126 0.950978
1.41912 -0.851134 1.0317
1.40308 -0.783175 1.07483
1.39107 -0.671812 1.04973
1.37496 -0.559975 1.03972
1.3613 -0.448654 1.06071
1.34914 -0.256308 1.05742
1.32833 -0.161948 1.04789
1.31821 -0.0407087 1.06357
1.30924 0.0310987 1.09683
1.27486 0.151381 1.04098
1.2688 0.250857 1.04468
1.24296 0.442855 1.05066
1.24017 0.543564 1.05318
1.22944 0.644955 1.04931
1.18513 0.872531 1.0354
1.16711 1.12016 1.03033
1.44038 -1.06063 1.11662
1.4203 -0.849969 1.15326
1.41554 -0.748049 1.15789
1.39385 -0.662172 1.15608
1.38536 -0.5725 1.14304
1.38056 -0.464644 1.15256
1.35304 -0.35026 1.13408
1.33972 -0.254578 1.15166
1.32753 -0.0537078 1.14936
1.29657 0.0821082 1.13122
1.28484 0.142465 1.12258
1.28383 0.243923 1.1305
1.26051 0.336459 1.1178
1.23926 0.549512 1.10981
1.42991 -0.849168 1.23136
1.39274 -0.562567 1.22496
1.3749 -0.457233 1.21158
1.37016 -0.374186 1.20803
1.78075 -3.32035 1.44925
1.78786 -3.29114 1.52143
