2.16728 2.98552 -1.36459
2.23066 2.95328 -1.34015
2.07827 3.06035 -1.32734
2.13325 3.02326 -1.33153
2.23428 2.98954 -1.2541
2.33164 2.93497 -1.21954
2.07238 3.08847 -1.27087
2.14989 3.04625 -1.2536
2.22576 3.01354 -1.21165
1.96552 3.16614 -1.23728
2.03848 3.12261 -1.23869
1.90567 3.21388 -1.20215
2.28814 2.9893 -1.16475
2.34403 2.96172 -1.13303
2.16633 3.07683 -1.15269
2.23749 3.02897 -1.15339
1.97269 3.18607 -1.17659
2.04873 3.1526 -1.14678
2.12181 3.10781 -1.14633
1.85414 3.26245 -1.14609
1.93512 3.22338 -1.13336
1.7778 3.31486 -1.10941
2.48558 2.89299 -1.03213
2.5133 2.86556 -1.04564
2.37279 2.97551 -1.04233
2.43147 2.9261 -1.05635
2.19881 3.08151 -1.08481
2.24947 3.06024 -1.04937
2.30813 3.01542 -1.06105
2.06078 3.18138 -1.0481
2.14271 3.12936 -1.05216
1.86897 3.28459 -1.06158
1.95337 3.24277 -1.04991
2.01476 3.20644 -1.05448
1.77493 3.33641 -1.05012
1.82773 3.31371 -1.03876
2.5403 2.89634 -0.900051
2.44138 2.9571 -0.949522
2.5016 2.91163 -0.94616
2.26781 3.08088 -0.954143
2.34123 3.03029 -0.951989
2.09565 3.18582 -0.973058
2.14649 3.1603 -0.953852
2.21375 3.11987 -0.945784
1.95125 3.27603 -0.951814
2.04334 3.22433 -0.94966
1.78116 3.36343 -0.955905
1.84633 3.33205 -0.95102
1.90872 3.3097 -0.917944
2.46492 2.97394 -0.843207
2.52775 2.92188 -0.852437
2.28911 3.09931 -0.850506
2.35106 3.05491 -0.853224
2.40111 3.02282 -0.840874
2.16511 3.1779 -0.859309
2.23616 3.13346 -0.854581
1.9782 3.28893 -0.858765
2.05045 3.25147 -0.84532
2.1219 3.20879 -0.845887
1.78776 3.38299 -0.878194
1.84779 3.36021 -0.851902
1.93297 3.31843 -0.841936
1.79017 3.40179 -0.804979
2.47315 2.99601 -0.747795
2.52372 2.95719 -0.745598
2.36447 3.07741 -0.74238
2.42725 3.02673 -0.760877
2.18375 3.18991 -0.775579
2.25073 3.15343 -0.748902
2.30419 3.11973 -0.742038
2.04994 3.27573 -0.757154
2.13332 3.22802 -0.749775
1.85613 3.38216 -0.752362
1.95016 3.33432 -0.746351
2.01543 3.30324 -0.727299
1.79688 3.41454 -0.741234
1.81624 3.40819 -0.728478
2.51387 2.98563 -0.668716
2.38406 3.08613 -0.654748
2.44925 3.04117 -0.64261
2.26367 3.17201 -0.640866
2.32749 3.12348 -0.664005
2.07178 3.28699 -0.659089
2.14965 3.2417 -0.65328
2.21137 3.20416 -0.64959
1.88626 3.39015 -0.653454
1.94465 3.36088 -0.646531
2.01963 3.31943 -0.648281
1.83414 3.41706 -0.650553
1.01994 -1.13867 -0.50873
0.949736 -1.03773 -0.508829
1.02925 -1.02682 -0.501925
1.02046 -0.969498 -0.509078
1.11684 -0.937208 -0.5088
0.942711 -0.828593 -0.503734
1.06405 -0.859024 -0.506078
0.940037 -0.736827 -0.501795
2.4673 3.04686 -0.560481
2.28271 3.18089 -0.543182
2.34632 3.1363 -0.549365
2.07343 3.2998 -0.597842
2.14875 3.26545 -0.545458
2.22898 3.21188 -0.563185
1.95285 3.37615 -0.552248
2.03926 3.32791 -0.555787
1.84686 3.43185 -0.547299
1.90974 3.40219 -0.536433
0.882155 -1.15918 -0.441464
0.951321 -1.14913 -0.45035
1.03569 -1.12295 -0.455385
0.868595 -1.04218 -0.449979
0.954073 -1.05431 -0.465044
1.04143 -1.05795 -0.460501
1.1477 -1.0461 -0.453127
0.859164 -0.948585 -0.443139
0.951867 -0.95175 -0.486179
1.04128 -0.958282 -0.481481
1.1608 -0.967065 -0.463356
1.23075 -0.947239 -0.430158
0.888179 -0.8646 -0.464183
0.955549 -0.854002 -0.491272
1.03672 -0.848776 -0.493682
1.14781 -0.85821 -0.479662
1.24555 -0.854659 -0.445688
0.881462 -0.732816 -0.459311
0.96176 -0.746042 -0.487879
1.06137 -0.743237 -0.483095
1.16992 -0.749894 -0.478031
1.24309 -0.748505 -0.444333
0.873071 -0.611717 -0.453225
0.956421 -0.646764 -0.472322
1.05105 -0.645278 -0.469291
1.14721 -0.640349 -0.465383
1.24226 -0.645872 -0.43413
0.875048 -0.540313 -0.450177
0.946158 -0.551281 -0.456251
1.04539 -0.54605 -0.46021
1.15095 -0.553237 -0.456335
1.23985 -0.551975 -0.435896
0.856581 -0.447845 -0.430374
0.934332 -0.443731 -0.438951
1.04495 -0.446325 -0.446622
1.14722 -0.452562 -0.443643
1.2277 -0.451802 -0.418576
0.857731 -0.357142 -0.418222
0.952274 -0.3507 -0.426926
1.05101 -0.356573 -0.439248
1.1608 -0.348346 -0.426387
1.23567 -0.352413 -0.407172
0.845934 -0.268328 -0.406656
0.949652 -0.246093 -0.415227
1.05233 -0.252875 -0.421116
1.15247 -0.256289 -0.421014
1.22491 -0.261909 -0.402059
0.89666 -0.191687 -0.403058
0.956972 -0.147428 -0.406061
1.05554 -0.150233 -0.413694
1.14927 -0.159744 -0.413716
1.02747 -0.0731956 -0.404388
1.10685 -0.0525829 -0.401327
0.808215 0.998283 -0.406186
2.44767 3.08142 -0.462729
2.28277 3.19918 -0.448009
2.35653 3.14991 -0.442929
2.15763 3.27967 -0.440535
2.23005 3.23084 -0.461363
1.96703 3.38698 -0.451169
2.04631 3.34218 -0.456922
2.11123 3.30981 -0.427193
1.85907 3.44352 -0.447662
1.92663 3.40927 -0.446237
0.766687 -1.33851 -0.328159
0.773763 -1.24043 -0.338597
0.827259 -1.21935 -0.316167
0.776147 -1.16485 -0.34946
0.848826 -1.15167 -0.345617
0.941962 -1.13306 -0.346212
1.01362 -1.12112 -0.359668
0.772606 -1.08276 -0.351264
0.968224 -1.08022 -0.388684
1.05073 -1.06711 -0.345422
1.14598 -1.04173 -0.352102
1.22376 -1.00265 -0.370907
1.17118 -0.990156 -0.347273
1.24072 -0.953417 -0.344809
1.26522 -0.856215 -0.358013
1.2735 -0.744999 -0.352623
1.26591 -0.657782 -0.362026
1.25281 -0.550512 -0.352656
1.24545 -0.443699 -0.349485
0.795639 -0.321284 -0.397065
1.23642 -0.352502 -0.351751
0.781619 -0.259765 -0.386897
0.828585 -0.226147 -0.394927
1.21662 -0.24241 -0.341985
0.776582 -0.152568 -0.374229
0.858672 -0.142599 -0.388811
0.942113 -0.14616 -0.397025
1.18159 -0.129888 -0.370047
1.2131 -0.153707 -0.330798
0.765386 -0.0421257 -0.363047
0.853265 -0.0436781 -0.379819
0.945278 -0.0446161 -0.389285
1.05936 -0.0296766 -0.389273
1.17488 -0.0420102 -0.363283
0.753555 0.0534014 -0.347122
0.858719 0.0564666 -0.368537
0.960907 0.0569399 -0.384469
1.05672 0.0595305 -0.384416
1.1555 0.0522924 -0.350365
0.742581 0.149823 -0.339536
0.850104 0.150013 -0.358816
0.945932 0.154561 -0.371576
1.05235 0.149899 -0.372118
1.13225 0.144827 -0.333878
0.689171 0.245788 -0.319846
0.746832 0.244376 -0.329875
0.850271 0.246437 -0.351174
0.954891 0.247201 -0.364379
1.05045 0.249264 -0.358354
1.12552 0.257638 -0.329099
0.696315 0.33077 -0.325027
0.745965 0.354463 -0.332185
0.84293 0.348723 -0.349905
0.937466 0.340848 -0.36249
1.05619 0.355834 -0.360989
1.12893 0.354374 -0.331191
0.692939 0.45262 -0.322578
0.750308 0.456761 -0.333538
0.852644 0.456354 -0.348004
0.952754 0.44597 -0.354803
1.05282 0.457291 -0.354164
1.12175 0.450116 -0.324841
0.691682 0.54241 -0.321666
0.747372 0.543196 -0.335862
0.838917 0.553686 -0.342069
0.954482 0.556733 -0.352749
1.05302 0.555324 -0.338367
1.11173 0.541385 -0.320475
0.744037 0.643758 -0.341723
0.845511 0.647604 -0.349624
0.953572 0.645099 -0.348119
1.06299 0.651849 -0.331158
0.755274 0.743859 -0.344294
0.853304 0.753388 -0.349924
0.948706 0.753234 -0.346945
1.05757 0.754446 -0.327237
0.687992 0.882471 -0.31899
0.757579 0.843594 -0.350213
0.855087 0.848031 -0.351078
0.953235 0.856444 -0.340822
1.0414 0.850191 -0.320682
0.768854 0.935158 -0.36167
0.850597 0.954595 -0.361839
0.947325 0.95542 -0.339065
1.04485 0.944332 -0.31795
0.773813 1.02931 -0.381235
0.852349 1.04562 -0.354738
0.931498 1.03539 -0.342582
1.0359 1.05477 -0.320545
0.866973 1.13264 -0.362071
0.968365 1.14566 -0.352443
1.0287 1.14095 -0.330543
0.994524 1.20478 -0.367203
2.32519 3.18483 -0.36266
2.4034 3.13987 -0.300868
2.17725 3.28387 -0.337277
2.25133 3.23458 -0.354877
1.98475 3.3944 -0.341184
2.04858 3.35654 -0.357943
2.1334 3.31065 -0.335691
1.85564 3.45954 -0.35369
1.93233 3.42147 -0.345995
0.798867 -1.4042 -0.299508
0.764506 -1.31963 -0.221256
0.767675 -1.24523 -0.251771
0.832563 -1.2358 -0.247508
0.861316 -1.17814 -0.263298
0.940866 -1.14822 -0.243861
1.03451 -1.1199 -0.24473
0.987161 -1.07862 -0.289086
1.07414 -1.08189 -0.262842
1.1521 -1.04835 -0.244616
1.21779 -1.01243 -0.231188
1.18163 -0.991602 -0.282851
1.25857 -0.954272 -0.247409
1.27985 -0.856122 -0.262581
1.30756 -0.823059 -0.228763
1.28742 -0.742213 -0.258893
1.30047 -0.741371 -0.210295
1.28021 -0.641294 -0.247681
1.27502 -0.549711 -0.253982
1.26435 -0.450549 -0.24664
1.24923 -0.35614 -0.250862
1.19894 -0.25631 -0.269781
1.22507 -0.246134 -0.245968
1.21404 -0.144267 -0.24502
1.18301 -0.0382039 -0.255263
1.20184 -0.0713761 -0.210751
1.17626 0.0558376 -0.24636
1.15509 0.148046 -0.241442
1.13873 0.253877 -0.251465
1.1214 0.357243 -0.247685
1.09858 0.443614 -0.23213
1.11928 0.454404 -0.247484
1.08818 0.55818 -0.222729
1.11732 0.540399 -0.256916
1.08715 0.657071 -0.239976
1.10691 0.627263 -0.251144
1.08225 0.755195 -0.219211
1.1112 0.742368 -0.271717
1.07575 0.845226 -0.234732
1.11065 0.83759 -0.285252
1.06955 0.950704 -0.251791
1.10692 0.920252 -0.290625
1.05859 1.0518 -0.250318
1.04197 1.14165 -0.253694
2.55758 3.03754 -0.203787
2.34068 3.18751 -0.268712
2.40722 3.14486 -0.241429
2.18727 3.29033 -0.239307
2.25847 3.24483 -0.24361
2.32507 3.20323 -0.227047
2.03585 3.37644 -0.26138
2.13259 3.32243 -0.246421
1.86057 3.46874 -0.262046
1.93793 3.43111 -0.245409
0.778826 -1.40598 -0.112175
0.770189 -1.32667 -0.147576
0.764632 -1.25771 -0.149112
0.841935 -1.24131 -0.14403
0.921753 -1.21161 -0.142684
0.769735 -1.18818 -0.185768
0.869427 -1.18569 -0.170004
0.957223 -1.1631 -0.154868
1.04132 -1.12678 -0.144664
1.14699 -1.11186 -0.125551
1.06339 -1.0921 -0.159163
1.15316 -1.0714 -0.157023
1.21409 -1.03788 -0.154132
1.26658 -0.964248 -0.14574
1.30672 -0.915579 -0.114127
1.29287 -0.875264 -0.175678
1.31168 -0.844686 -0.144379
1.29917 -0.771489 -0.177412
1.31212 -0.744134 -0.144062
1.29189 -0.639326 -0.143075
1.30437 -0.661014 -0.146141
1.28992 -0.54773 -0.146559
1.30114 -0.587219 -0.112871
1.2791 -0.455814 -0.139896
1.27059 -0.357169 -0.145612
1.25348 -0.250185 -0.152249
1.24419 -0.147877 -0.146473
1.19754 -5.23461e-08 -0.179403
1.21787 -0.0473754 -0.152145
1.1941 0.0779996 -0.155942
1.20997 0.0402418 -0.146729
1.18496 0.157954 -0.15043
1.1738 0.25093 -0.157427
1.15321 0.342298 -0.15148
1.14482 0.448665 -0.149162
1.13333 0.551684 -0.145936
1.09263 0.661806 -0.175244
1.1166 0.646711 -0.137804
1.09614 0.781109 -0.149015
1.11353 0.747811 -0.149011
1.08526 0.876097 -0.154538
1.10886 0.839865 -0.149548
1.07845 0.939747 -0.153593
0.992969 1.08497 -0.19251
1.06248 1.05812 -0.153229
1.11026 1.02852 -0.180975
0.995681 1.15882 -0.143788
1.04759 1.1491 -0.146074
1.06174 1.2479 -0.12812
1.06298 1.36346 -0.112434
1.09464 1.40407 -0.14852
2.49731 3.0846 -0.194743
2.50045 3.08848 -0.132679
2.37018 3.18075 -0.14601
2.44061 3.13006 -0.155697
2.19978 3.29188 -0.150097
2.25591 3.25764 -0.135861
2.31604 3.21813 -0.138565
2.15013 3.31933 -0.178284
1.86882 3.47524 -0.156385
1.9236 3.44962 -0.132697
0.780308 -1.40865 -0.0932152
0.809848 -1.40427 -0.00228738
0.766275 -1.34072 -0.0525769
0.81106 -1.33226 -0.0701517
0.769685 -1.25915 -0.0473507
0.838926 -1.2327 -0.0457244
0.940579 -1.22226 -0.0350159
1.05295 -1.20053 -0.0306726
0.861886 -1.18493 -0.0464434
0.961499 -1.17698 -0.0651112
1.04847 -1.15269 -0.0473776
1.13796 -1.12362 -0.0565854
1.15612 -1.07459 -0.0420538
1.22756 -1.05087 -0.0441821
1.27378 -0.972458 -0.0560541
1.31313 -0.92776 -0.0333676
1.29647 -0.893067 -0.0793958
1.33015 -0.853077 -0.0527194
1.32658 -0.756245 -0.0520969
1.32375 -0.660383 -0.0516182
1.29721 -0.56084 -0.0600482
1.31302 -0.553524 -0.0333943
1.29127 -0.449831 -0.0514517
1.30237 -0.464035 -0.039858
1.27967 -0.345637 -0.044077
1.26705 -0.240863 -0.0416674
1.2507 -0.148703 -0.0389926
1.2263 -0.0438197 -0.0499946
1.19953 0.0854783 -0.0900004
1.21299 0.0549615 -0.0433355
1.18997 0.163854 -0.0580743
1.20216 0.114221 -0.0404558
1.17411 0.250959 -0.0549186
1.16612 0.346126 -0.0532468
1.15737 0.453523 -0.0515768
1.14045 0.555181 -0.0480336
1.13529 0.656184 -0.0540941
1.12673 0.754588 -0.0528264
1.09489 0.884245 -0.0800828
1.11751 0.854969 -0.0515446
1.0908 0.956442 -0.0541691
1.10693 0.926809 -0.0483006
1.08271 1.03718 -0.0613617
1.10817 1.07037 -0.0231899
1.06808 1.14996 -0.0429859
1.1061 1.11657 -0.0549555
0.992653 1.27325 -0.0186085
1.04995 1.24361 -0.0476165
0.837185 1.33235 -0.00844072
1.05472 1.34714 -0.0398839
1.07313 1.42746 -0.0211273
2.5433 3.06295 -0.0379752
2.37372 3.18551 -0.0574649
2.44541 3.13622 -0.0340459
2.23244 3.27819 -0.061792
2.31934 3.22272 -0.0520254
2.17753 3.31029 -0.0922976
1.86477 3.48543 -0.0437321
1.93259 3.45182 -0.0326018
0.812998 -1.42904 0.0173365
0.776442 -1.34094 0.0526154
0.828396 -1.33329 0.0652588
0.772702 -1.26297 0.0332954
0.84626 -1.25324 0.0518892
0.940086 -1.22799 0.0583259
0.7559 -1.18504 0.00985561
0.883368 -1.18538 0.0141395
0.971981 -1.17884 0.0444468
1.04654 -1.1515 0.0476072
1.14081 -1.12221 0.053588
1.2077 -1.11879 0.0893869
1.17503 -1.07899 0.0281739
1.24791 -1.05148 0.0551977
1.30987 -1.02675 0.0653859
1.31538 -0.952825 0.0483728
1.32519 -0.849906 0.0472643
1.32406 -0.754771 0.0475568
1.33038 -0.652118 0.0500017
1.29408 -0.522556 0.0666809
1.31095 -0.560513 0.035747
1.29399 -0.437953 0.0424406
1.30467 -0.48547 0.060342
1.28692 -0.336381 0.0513193
1.3042 -0.371747 0.065806
1.2739 -0.242177 0.0526007
1.25732 -0.149453 0.0542578
1.23559 -0.0442327 0.0564316
1.22242 0.057976 0.0577014
1.19513 0.175999 0.0395942
1.20813 0.126264 0.0652381
1.18549 0.253405 0.0466995
1.1713 0.347584 0.0483453
1.16479 0.456507 0.049087
1.15089 0.560263 0.0504775
1.13475 0.657585 0.0532467
1.13462 0.758192 0.0514236
1.12721 0.856604 0.0566142
1.09571 0.936962 0.0703859
1.11292 0.947808 0.0507259
1.08952 1.04934 0.0561262
1.11012 1.03211 0.0531402
1.06647 1.15854 0.0547777
1.1091 1.12756 0.058011
0.758517 1.29724 0.0851481
0.818393 1.269 0.0805611
1.04044 1.22476 0.0422608
0.762499 1.31858 0.0550319
0.826771 1.35186 0.0625588
2.54728 3.06451 0.0525859
2.37605 3.18863 0.0314465
2.44769 3.13914 0.0575674
2.32579 3.22249 0.0249671
1.87991 3.48271 0.0624635
1.94518 3.44917 0.058383
2.01081 3.41495 0.07942
0.790769 -1.40875 0.130535
0.823118 -1.43696 0.18
0.771923 -1.33912 0.144282
0.823647 -1.33299 0.155396
0.906527 -1.31351 0.168699
0.782503 -1.26967 0.152422
0.848267 -1.26261 0.143648
0.935113 -1.24326 0.151359
1.01844 -1.22392 0.17498
0.952602 -1.16912 0.122734
1.04703 -1.15752 0.140999
1.1444 -1.12207 0.149141
1.18583 -1.08438 0.165193
1.25685 -1.05906 0.146433
1.31775 -1.02235 0.158275
1.3217 -0.95312 0.144124
1.33865 -0.852042 0.143209
1.34832 -0.752503 0.153108
1.33549 -0.645041 0.146585
1.32046 -0.548994 0.147011
1.29401 -0.445659 0.115274
1.30982 -0.451049 0.1555
1.29062 -0.342355 0.142273
1.30284 -0.348177 0.147432
1.28496 -0.244138 0.147974
1.26362 -0.150188 0.148382
1.24536 -0.0445914 0.1488
1.22875 0.058242 0.149301
1.19797 0.19919 0.150034
1.21184 0.143892 0.149699
1.18961 0.254299 0.150235
1.17583 0.349033 0.150587
1.17117 0.458905 0.15075
1.15725 0.559623 0.148588
1.14195 0.650978 0.151603
1.14575 0.752134 0.153987
1.0998 0.88821 0.124988
1.1336 0.848146 0.151659
1.11601 0.944578 0.154656
0.959911 1.09424 0.167888
1.08915 1.06055 0.156623
1.11662 1.03764 0.148506
0.691708 1.18298 0.162701
0.986748 1.13679 0.143006
1.04596 1.14473 0.140668
1.10458 1.13694 0.161548
0.791045 1.25885 0.183359
0.83669 1.26456 0.151363
0.780241 1.32853 0.139091
0.83172 1.32646 0.139875
0.931282 1.32426 0.142578
2.53183 3.07872 0.154765
2.39142 3.18102 0.150097
2.44863 3.14034 0.149382
2.34997 3.20945 0.150615
1.94929 3.4489 0.155625
2.01141 3.41596 0.18
0.851162 -1.53656 0.201287
0.796465 -1.43782 0.249716
0.824038 -1.43527 0.235004
0.781968 -1.33335 0.26585
0.842732 -1.33419 0.252953
0.913419 -1.3235 0.225689
0.767543 -1.27927 0.260065
0.855143 -1.27223 0.245075
0.948629 -1.25025 0.246284
1.02842 -1.22115 0.25406
0.971795 -1.18273 0.22834
1.063 -1.17403 0.237834
1.1473 -1.14238 0.256478
1.2493 -1.11973 0.265837
1.18186 -1.09485 0.209558
1.26462 -1.06433 0.241051
1.31942 -1.0185 0.229415
1.33813 -0.953328 0.25305
1.35829 -0.850538 0.24492
1.34755 -0.73624 0.247324
1.3459 -0.639436 0.247443
1.33323 -0.538393 0.246606
1.31466 -0.437225 0.245769
1.29403 -0.342006 0.244805
1.3072 -0.310502 0.245385
1.28915 -0.245041 0.244438
1.2681 -0.150642 0.243539
1.25911 -0.0451015 0.242974
1.23217 0.0584808 0.241669
1.21164 0.143831 0.240615
1.1953 0.283922 0.249784
1.21019 0.235608 0.243603
1.18489 0.35174 0.254126
1.1754 0.454581 0.257692
1.17109 0.548413 0.249188
1.15979 0.647339 0.252511
1.14649 0.748851 0.251638
1.13366 0.855551 0.247847
1.12445 0.957897 0.255087
0.8943 1.06213 0.202366
0.945245 1.08473 0.229686
1.08637 1.07076 0.258127
1.11585 1.04451 0.240548
0.880064 1.18716 0.27693
0.97221 1.11938 0.249706
1.05669 1.11636 0.24986
0.7863 1.26158 0.261354
0.842224 1.24673 0.248125
1.01673 1.23168 0.281713
0.786573 1.32482 0.253648
0.806181 1.33326 0.237903
0.92446 1.30644 0.203121
0.857943 1.40615 0.201457
2.38154 3.18659 0.279188
2.4485 3.14017 0.241236
2.34506 3.21206 0.25812
0.787485 -1.42161 0.317864
0.80414 -1.40387 0.381114
0.786316 -1.33795 0.353528
0.83943 -1.33486 0.347701
0.92347 -1.31047 0.358956
0.766655 -1.26247 0.314217
0.851051 -1.27287 0.348461
0.943019 -1.24238 0.357524
1.01869 -1.236 0.349049
0.996458 -1.18346 0.329527
1.05731 -1.17539 0.349902
1.14716 -1.15184 0.349973
1.22324 -1.1222 0.355198
1.2567 -1.06271 0.34427
1.32631 -1.01684 0.340979
1.34205 -0.945565 0.347715
1.35323 -0.847242 0.352282
1.35373 -0.739512 0.349207
1.35011 -0.64148 0.348931
1.33388 -0.54273 0.35091
1.32118 -0.445598 0.341907
1.29499 -0.307603 0.30955
1.31174 -0.346612 0.348207
1.29129 -0.241613 0.341532
1.30063 -0.278048 0.342643
1.27308 -0.147556 0.335248
1.30467 -0.185942 0.375778
1.25894 -0.0450568 0.337438
1.23497 0.0585615 0.349933
1.2201 0.144904 0.347819
1.19263 0.25496 0.344058
1.21056 0.238781 0.350095
1.18972 0.3511 0.341577
1.20703 0.361168 0.385309
1.18266 0.449377 0.357495
1.17628 0.544705 0.356547
1.16579 0.650712 0.355078
1.15796 0.748067 0.350967
1.15388 0.839479 0.355801
1.1458 0.938719 0.351983
0.872267 1.03596 0.332707
0.937919 1.07881 0.350896
1.06861 1.07149 0.343166
1.12624 1.03686 0.353359
0.798184 1.17549 0.3397
0.853206 1.18732 0.377086
0.967548 1.12489 0.353019
1.05879 1.12629 0.349177
0.777619 1.27761 0.3563
0.837277 1.24656 0.341978
0.917321 1.24815 0.35428
0.775304 1.32071 0.344113
0.810198 1.32789 0.382629
0.925975 1.30854 0.377015
0.832318 -1.42967 0.43
0.839509 -1.3285 0.452054
0.916023 -1.31594 0.454279
0.851325 -1.25933 0.438092
0.944319 -1.24542 0.457307
1.03528 -1.23201 0.443684
0.961248 -1.1873 0.444447
1.06704 -1.17872 0.455041
1.15453 -1.15814 0.443745
1.24304 -1.12744 0.45983
1.2796 -1.06359 0.446621
1.33633 -1.02607 0.453037
1.35212 -0.954313 0.44769
1.35812 -0.845092 0.45175
1.36016 -0.743128 0.452285
1.35088 -0.641886 0.450279
1.33995 -0.541063 0.448057
1.32734 -0.441539 0.445758
1.29346 -0.317469 0.449616
1.30805 -0.3522 0.436289
1.29473 -0.246019 0.43902
1.28789 -0.153081 0.437742
1.26711 -0.0453088 0.44938
1.25043 0.0593494 0.461421
1.23213 0.146242 0.45733
1.21586 0.245328 0.45364
1.19705 0.341206 0.47938
1.2077 0.350534 0.445137
1.19108 0.452667 0.443933
1.20662 0.42992 0.466708
1.18783 0.550111 0.447321
1.17905 0.657991 0.4453
1.16583 0.759115 0.449644
1.16119 0.847192 0.455781
1.14963 0.943741 0.446975
0.964098 1.07604 0.469639
1.0894 1.07119 0.458074
1.12684 1.03845 0.44417
0.885977 1.19956 0.445898
0.942998 1.16293 0.425114
1.05595 1.13124 0.444156
1.12475 1.12174 0.432799
0.780406 1.25264 0.456762
0.844304 1.24864 0.447517
0.921051 1.23549 0.450706
0.787834 1.32096 0.440229
0.805952 1.34964 0.431946
0.885164 -1.42974 0.57848
0.864018 -1.32666 0.522412
0.92808 -1.32246 0.532982
0.789459 -1.25227 0.531533
0.847916 -1.27016 0.548811
0.945602 -1.24607 0.554873
1.03917 -1.22464 0.543413
1.12217 -1.22959 0.559107
0.987199 -1.19591 0.550345
1.09574 -1.19726 0.577384
1.15575 -1.16577 0.545969
1.2364 -1.12134 0.548162
1.28485 -1.07189 0.545399
1.33997 -1.03419 0.552856
1.36118 -0.965849 0.55012
1.35924 -0.855395 0.553858
1.36127 -0.743607 0.554471
1.35427 -0.64342 0.552613
1.34458 -0.542885 0.549868
1.33932 -0.445683 0.548345
1.31922 -0.344725 0.542917
1.29442 -0.227568 0.536172
1.31149 -0.272584 0.540916
1.28647 -0.15285 0.550029
1.27397 -0.0455564 0.562318
1.25248 0.0594435 0.555863
1.24245 0.147499 0.552865
1.22807 0.247821 0.548689
1.21985 0.353467 0.549172
1.20783 0.448614 0.539793
1.19102 0.55723 0.552326
1.20597 0.537106 0.549552
1.18067 0.649762 0.54917
1.2054 0.601278 0.541763
1.17968 0.742404 0.548707
1.17161 0.848489 0.560894
1.15468 0.944084 0.547147
1.09601 1.09342 0.508931
1.13987 1.04827 0.544907
0.870334 1.18278 0.549925
0.915453 1.19598 0.569221
1.08343 1.11935 0.538916
1.11768 1.11932 0.571227
0.783084 1.25724 0.528886
0.84908 1.24527 0.549577
0.945724 1.23654 0.547512
0.795403 1.32254 0.518179
0.84146 1.31903 0.567227
0.886172 -1.43136 0.601097
0.942946 -1.41108 0.675241
0.866446 -1.32703 0.639217
0.914918 -1.33277 0.656415
0.874179 -1.26846 0.650893
0.948426 -1.2595 0.648023
1.04578 -1.23346 0.652024
1.12829 -1.22131 0.645477
0.977395 -1.19172 0.636195
1.04129 -1.18723 0.674806
1.1536 -1.15772 0.649589
1.2465 -1.14466 0.647564
1.30112 -1.11261 0.63557
1.2849 -1.0731 0.645616
1.32757 -1.04409 0.652236
1.3614 -0.958093 0.653588
1.38271 -0.849103 0.654345
1.36273 -0.744604 0.657248
1.35292 -0.64272 0.653693
1.34931 -0.545029 0.65265
1.33631 -0.44441 0.647869
1.32204 -0.345421 0.643098
1.31225 -0.249411 0.639433
1.28527 -0.137475 0.662176
1.30673 -0.186235 0.653959
1.27997 -0.0456761 0.66038
1.26393 0.0599659 0.65432
1.25147 0.148588 0.649451
1.23161 0.248588 0.642027
1.2238 0.355917 0.646848
1.19646 0.483137 0.658772
1.21332 0.451404 0.645379
1.18978 0.579347 0.626344
1.20819 0.542118 0.660162
1.19471 0.652731 0.658103
1.20872 0.641139 0.658658
1.18221 0.744023 0.653002
1.17489 0.850953 0.650241
1.16071 0.953088 0.652627
1.09893 1.09634 0.64723
1.14284 1.05307 0.643069
0.868452 1.19594 0.652254
0.959146 1.15702 0.663557
1.06918 1.1288 0.660191
1.12164 1.12208 0.663932
0.788278 1.2358 0.653093
0.862571 1.24307 0.649668
0.941933 1.22328 0.646177
0.854086 1.31853 0.650094
1.19203 1.30248 0.686813
0.939967 -1.55171 0.732486
0.885711 -1.31841 0.726356
0.950688 -1.31462 0.747579
1.03503 -1.30302 0.74949
0.887852 -1.27808 0.739532
0.95906 -1.25772 0.747014
1.03866 -1.23519 0.744344
1.13235 -1.23021 0.753219
1.23355 -1.20133 0.797017
1.07138 -1.1898 0.74179
1.15105 -1.17487 0.743281
1.24709 -1.14153 0.752369
1.26472 -1.07128 0.728306
1.3451 -1.04385 0.754298
1.37505 -0.946958 0.747307
1.37705 -0.859857 0.730834
1.40637 -0.835149 0.777943
1.3686 -0.743142 0.751974
1.36344 -0.643772 0.755549
1.35711 -0.548103 0.757018
1.3492 -0.448671 0.753713
1.32633 -0.346749 0.743891
1.31742 -0.250461 0.740218
1.29142 -0.134987 0.767796
1.30239 -0.177886 0.733731
1.27902 -0.0343148 0.767799
1.30445 -0.0696909 0.742757
1.26835 0.0602374 0.750877
1.25553 0.149067 0.745284
1.24002 0.249261 0.750498
1.23336 0.348343 0.755858
1.22545 0.446959 0.753558
1.19339 0.561244 0.747081
1.20857 0.545369 0.759451
1.1838 0.659455 0.750463
1.20802 0.6311 0.738836
1.17944 0.746004 0.729449
1.20907 0.775421 0.784771
1.18632 0.873372 0.752212
1.20566 0.844806 0.757966
1.17269 0.951915 0.742605
0.818714 1.08904 0.763643
0.956836 1.09094 0.778257
1.09657 1.09398 0.728501
1.14959 1.05353 0.751029
0.859134 1.13851 0.764948
0.947 1.14249 0.74961
1.05328 1.13985 0.75897
1.11785 1.12965 0.75136
0.797983 1.22257 0.728835
0.859447 1.24288 0.735061
0.934851 1.22884 0.72365
0.870703 1.30297 0.789732
1.91913 -3.40742 0.839807
1.96867 -3.37974 0.848121
0.958132 -1.34222 0.840685
1.03774 -1.33655 0.874062
0.974115 -1.29575 0.813423
1.04899 -1.24366 0.845968
1.12971 -1.22025 0.854113
1.23686 -1.20456 0.891473
1.056 -1.19409 0.813072
1.16265 -1.17198 0.839319
1.2596 -1.14254 0.844676
1.32476 -1.11688 0.875534
1.2917 -1.08912 0.858605
1.3552 -1.05643 0.852294
1.4038 -1.00035 0.847069
1.38127 -0.940672 0.847843
1.40086 -0.964975 0.810635
1.38889 -0.86188 0.844325
1.40957 -0.837048 0.814556
1.37834 -0.753274 0.846324
1.37222 -0.656678 0.841752
1.35963 -0.549167 0.860094
1.34552 -0.447283 0.853076
1.33397 -0.348697 0.847436
1.29608 -0.24629 0.828296
1.32102 -0.251239 0.84074
1.28963 -0.130235 0.857466
1.31591 -0.1772 0.860077
1.28342 -0.0344467 0.846124
1.30384 -0.0697063 0.881075
1.2776 0.0606837 0.851148
1.25693 0.152168 0.846457
1.24401 0.247046 0.853184
1.2371 0.352517 0.854361
1.22737 0.451848 0.855383
1.21904 0.550219 0.850724
1.1956 0.653241 0.837861
1.21336 0.629169 0.852694
1.18813 0.771253 0.863601
1.21301 0.749203 0.847345
1.18738 0.85452 0.836344
1.20728 0.817235 0.844146
1.17745 0.956246 0.853066
0.842957 1.09115 0.812466
0.939477 1.0674 0.840884
1.04072 1.08995 0.853217
1.15945 1.05282 0.851695
1.2114 1.06467 0.861586
0.882085 1.13953 0.824203
0.933672 1.14516 0.838142
1.06096 1.1243 0.833246
1.12578 1.1191 0.835528
0.879104 1.26323 0.817601
1.85388 -3.42174 0.941635
1.8829 -3.39911 0.980549
1.94375 -3.37369 0.94868
2.02739 -3.32251 0.974348
0.970873 -1.33756 0.908441
1.03032 -1.36145 0.91831
1.07108 -1.25556 0.94451
1.12105 -1.22094 0.956799
1.25845 -1.2104 0.919381
1.09455 -1.19596 0.932768
1.14126 -1.17622 0.938965
1.26056 -1.17088 0.96134
1.32126 -1.12981 0.972935
1.27914 -1.08368 0.926409
1.35247 -1.04341 0.940905
1.37997 -0.955311 0.963685
1.40614 -0.960293 0.944945
1.37265 -0.85693 0.935092
1.41104 -0.837921 0.956192
1.3848 -0.761473 0.946828
1.41055 -0.770619 0.956107
1.38092 -0.656029 0.93977
1.35958 -0.549035 0.945113
1.34571 -0.443645 0.949929
1.34574 -0.351412 0.954157
1.33982 -0.254769 0.950661
1.31017 -0.155701 0.950023
1.28424 -5.61359e-08 0.966903
1.31362 -0.0506956 0.95609
1.27775 0.0604733 0.946788
1.25809 0.143396 0.950783
1.25426 0.262785 0.944224
1.24226 0.35396 0.956737
1.24142 0.452908 0.958853
1.22621 0.547373 0.943644
1.21863 0.651244 0.941967
1.18291 0.777245 0.96895
1.21929 0.752958 0.952455
1.18347 0.842921 0.968967
1.20732 0.831673 0.928808
1.17208 0.962921 0.959809
1.21771 0.925411 0.941369
0.991779 1.04834 0.924127
1.04844 1.07304 0.937399
1.15741 1.05646 0.940773
1.04362 1.10183 0.922505
1.16135 1.11514 0.951113
2.54568 2.97754 0.959746
1.8829 3.39911 0.980549
1.94375 3.37369 0.94868
2.00487 3.33356 0.982264
1.841 3.42759 0.944111
1.8337 -3.41166 1.03588
1.87206 -3.38641 1.06148
1.94471 -3.351 1.0498
2.01806 -3.30755 1.06322
1.15913 -1.32159 1.04969
1.15471 -1.22428 1.03652
1.30729 -1.21104 1.06278
1.17981 -1.17692 1.04167
1.25306 -1.1533 1.04577
1.34042 -1.11437 1.05158
1.26769 -1.08402 1.03603
1.35697 -1.05107 1.04376
1.41166 -1.00594 1.06263
1.36541 -0.908125 1.05094
1.40995 -0.948755 1.04984
1.39636 -0.862372 1.08799
1.40433 -0.85056 1.05368
1.37499 -0.738209 1.0397
1.41062 -0.748343 1.06197
1.3868 -0.665356 1.04008
1.40234 -0.64398 1.05681
1.38157 -0.558061 1.03948
1.40444 -0.567121 1.09325
1.37168 -0.460902 1.04733
1.36063 -0.359606 1.06044
1.35118 -0.256913 1.04171
1.29861 -0.123385 1.05691
1.32455 -0.157421 1.04495
1.291 -5.64315e-08 1.05163
1.32079 -0.0627319 1.05537
1.28617 0.0532472 1.02443
1.30751 0.0620833 1.07929
1.2748 0.155532 1.05005
1.26061 0.254286 1.03896
1.24465 0.358071 1.05496
1.24152 0.453974 1.04331
1.22898 0.547187 1.05327
1.19335 0.623612 1.06052
1.2278 0.646812 1.04805
1.18548 0.760195 1.03992
1.22324 0.742043 1.05322
1.17523 0.865279 1.03657
1.21404 0.836376 1.05299
1.18881 0.974236 1.02742
1.20529 0.944772 1.05416
1.19219 1.05909 1.05073
1.2159 1.04715 1.0694
1.17814 1.11922 1.0442
1.20866 1.11968 1.05662
2.55678 2.94485 1.05387
2.60737 2.91088 1.02773
2.44435 3.03041 1.06018
1.87207 3.38641 1.06148
1.94973 3.3476 1.05263
2.01543 3.30324 1.0873
1.79905 3.41867 1.07988
1.82935 3.41379 1.03602
1.84699 -3.37732 1.14974
1.94098 -3.32796 1.1505
1.98396 -3.2988 1.17237
2.04355 -3.27048 1.1508
1.29765 -1.20211 1.12116
1.28254 -1.14752 1.12093
1.34102 -1.11983 1.15808
1.42191 -1.11458 1.17573
1.37645 -1.07055 1.16124
1.41513 -1.03362 1.12658
1.36295 -0.938903 1.14212
1.41176 -0.96122 1.15098
1.37326 -0.880395 1.12981
1.41544 -0.840567 1.14993
1.37682 -0.732591 1.13724
1.40246 -0.799515 1.1621
1.3945 -0.687331 1.16528
1.4168 -0.65612 1.15444
1.38105 -0.557663 1.15142
1.42179 -0.574127 1.14009
1.38015 -0.454962 1.14213
1.40134 -0.499296 1.19637
1.34825 -0.34908 1.15107
1.35444 -0.257429 1.14512
1.33234 -0.162426 1.15035
1.31297 -0.0521117 1.14312
1.29545 0.0923136 1.15197
1.3207 0.0625932 1.1434
1.28705 0.152813 1.13288
1.30814 0.155362 1.12877
1.28192 0.243602 1.12588
1.26224 0.337075 1.1191
1.27061 0.452778 1.12538
1.2375 0.543621 1.10849
1.23335 0.703109 1.10538
1.24017 0.83945 1.11049
1.22639 0.990445 1.10015
2.58939 2.89081 1.1514
2.47684 2.98075 1.15051
2.52827 2.94234 1.14424
2.42319 3.02167 1.14966
1.98397 3.2988 1.17237
2.01731 3.28225 1.16379
1.84699 3.37732 1.14974
1.94098 3.32796 1.1505
1.79243 3.40609 1.14378
1.79724 -3.37254 1.25877
1.85018 -3.34996 1.24398
1.92875 -3.3097 1.24092
1.96142 -3.28413 1.26711
2.05002 -3.24121 1.24179
1.3896 -1.12225 1.22261
1.41917 -1.11243 1.2448
1.41556 -1.04236 1.22442
1.3758 -0.947623 1.21226
1.42413 -0.91335 1.23079
1.41694 -0.848055 1.22892
1.38822 -0.725444 1.22157
1.41743 -0.774377 1.22564
1.393 -0.694855 1.22516
1.41978 -0.640737 1.23628
1.40605 -0.534252 1.23495
1.37878 -0.425756 1.21449
1.40138 -0.466023 1.23145
2.56306 2.88153 1.24822
2.45103 2.96878 1.25269
2.53097 2.91554 1.22419
1.96667 3.28281 1.26173
2.0337 3.24591 1.25801
1.78471 3.38074 1.25118
1.85018 3.34996 1.24398
1.92875 3.3097 1.24092
1.78941 -3.34717 1.35475
1.84397 -3.32399 1.34104
1.88449 -3.28992 1.38168
1.94449 -3.26663 1.35298
2.03534 -3.21925 1.34023
2.08129 -3.18855 1.35101
2.14712 -3.14424 1.36138
2.49106 2.89937 1.36372
2.38653 2.97596 1.37374
2.43386 2.9481 1.35171
2.5016 2.91163 1.30616
1.88449 3.28992 1.38168
1.95004 3.26447 1.35023
2.01643 3.22497 1.35673
1.78216 3.35112 1.35366
1.84397 3.32399 1.34104
1.78075 -3.32035 1.44925
1.81804 -3.3107 1.42273
1.85138 -3.27974 1.46207
1.94597 -3.23471 1.44502
2.0111 -3.2006 1.43743
2.04506 -3.17516 1.45194
2.18972 -3.06877 1.49435
2.43417 2.91966 1.42777
2.02191 3.18564 1.46076
1.85138 3.27974 1.46207
1.94597 3.23471 1.44502
2.0111 3.2006 1.43743
1.76919 3.32561 1.45038
1.81804 3.3107 1.42274
1.76378 -3.30974 1.50335
1.78786 -3.29114 1.52143
1.85728 -3.24616 1.5454
1.9268 -3.2148 1.52897
1.96351 -3.18425 1.55462
2.04161 -3.1395 1.55188
2.10583 -3.10126 1.54932
2.09682 -3.088 1.59591
2.17075 -3.04219 1.59154
1.96351 3.18425 1.55462
2.03144 3.14577 1.55139
1.85728 3.24616 1.5454
1.9268 3.2148 1.52897
1.89824 -3.20135 1.60424
1.96302 -3.15241 1.63427
2.02487 -3.11012 1.6483
2.06576 -3.08121 1.65748
2.12375 -3.05186 1.64059
